    0 5.9827
4.1667e-06 6.0183
8.3334e-06 6.0306
1.25e-05 6.0596
1.6667e-05 6.0473
2.0834e-05 6.0441
2.5e-05 6.0406
2.9167e-05 6.0338
3.3334e-05 6.021
3.75e-05 5.9865
4.1667e-05 5.9783
4.5834e-05 5.9748
5e-05 5.9358
5.4167e-05 5.8774
5.8334e-05 5.8608
6.2501e-05 5.774
6.6667e-05 5.7401
7.0834e-05 5.7396
7.5001e-05 5.6497
7.9167e-05 5.5614
8.3334e-05 5.5279
8.7501e-05 5.3912
9.1667e-05 5.362
9.5834e-05 5.3598
0.0001 5.2395
0.00010417 5.1052
0.00010833 5.0677
0.0001125  4.84
0.00011667 4.7884
0.00012083 4.7876
0.000125 4.605
0.00012917 4.4567
0.00013333 4.4243
0.0001375 4.1591
0.00014167 4.1173
0.00014583 4.1168
0.00015 3.9229
0.00015417 3.7596
0.00015833 3.7426
0.0001625 3.4153
0.00016667 3.3605
0.00017083 3.358
0.000175 3.0705
0.00017917 2.8802
0.00018333 2.8795
0.0001875 2.4458
0.00019167 2.3969
0.00019583 2.3991
0.0002 2.0708
0.00020417 1.8895
0.00020834 1.8905
0.0002125 1.4413
0.00021667 1.3824
0.00022084 1.383
0.000225 1.0342
0.00022917 0.87111
0.00023334 0.87276
0.0002375 0.45428
0.00024167 0.36859
0.00024584 0.3689
0.00025 0.04474
0.00025417 -0.079814
0.00025834 -0.079405
0.0002625 -0.4761
0.00026667 -0.58287
0.00027084 -0.58155
0.000275 -1.0204
0.00027917 -1.1497
0.00028334 -1.1459
0.0002875 -1.5686
0.00029167 -1.7238
0.00029584 -1.7212
0.0003 -2.1658
0.00030417 -2.268
0.00030834 -2.2668
0.0003125 -2.6368
0.00031667 -2.8237
0.00032084 -2.8218
0.000325 -3.244
0.00032917 -3.3234
0.00033334 -3.3201
0.0003375 -3.6221
0.00034167 -3.798
0.00034584 -3.8023
0.00035 -4.204
0.00035417 -4.2712
0.00035834 -4.2686
0.0003625  -4.5
0.00036667 -4.698
0.00037084 -4.7192
0.000375 -5.0385
0.00037917 -5.0999
0.00038334 -5.096
0.0003875 -5.192
0.00039167 -5.3721
0.00039584 -5.3861
0.0004 -5.524
0.00040417 -5.5878
0.00040834 -5.5853
0.0004125 -5.5011
0.00041667 -5.4956
0.00042084 -5.4835
0.000425 -5.408
0.00042917 -5.3612
0.00043334 -5.3581
0.0004375 -5.4284
0.00044167 -5.4453
0.00044584 -5.4745
0.00045 -5.6159
0.00045417 -5.5938
0.00045834 -5.5902
0.0004625 -5.7028
0.00046667 -5.7737
0.00047084 -5.7975
0.000475 -5.8885
0.00047917 -5.8807
0.00048334 -5.8772
0.0004875 -5.9169
0.00049167 -5.9738
0.00049584 -5.9854
0.0005 -6.03
0.00050417 -6.025
0.00050834 -6.0235
0.0005125 -6.0352
0.00051667 -6.0482
0.00052084 -6.0452
0.000525 -6.0329
0.00052917 -6.0215
0.00053334 -6.0192
0.0005375 -6.0044
0.00054167 -5.9684
0.00054584 -5.9557
0.00055 -5.9055
0.00055417 -5.8899
0.00055834 -5.8868
0.0005625 -5.8295
0.00056667 -5.7608
0.00057084 -5.7339
0.000575 -5.6173
0.00057917 -5.5909
0.00058334 -5.5917
0.0005875 -5.5131
0.00059167 -5.4084
0.00059584 -5.3736
0.0006 -5.1625
0.00060417 -5.1084
0.00060834 -5.1056
0.0006125 -4.9189
0.00061667 -4.7824
0.00062084 -4.7543
0.00062501 -4.5289
0.00062917 -4.4893
0.00063334 -4.4885
0.00063751 -4.3118
0.00064167 -4.1641
0.00064584 -4.1472
0.00065001 -3.8459
0.00065417 -3.787
0.00065834 -3.7873
0.00066251 -3.5203
0.00066667 -3.346
0.00067084 -3.343
0.00067501 -2.971
0.00067917 -2.9174
0.00068334 -2.8682
0.00068751 -2.5895
0.00069167 -2.4355
0.00069584 -2.4368
0.00070001 -2.0044
0.00070417 -1.9414
0.00070834 -1.9423
0.00071251 -1.5913
0.00071667 -1.4272
0.00072084 -1.4288
0.00072501 -1.0177
0.00072917 -0.94378
0.00073334 -0.94551
0.00073751 -0.53697
0.00074167 -0.38748
0.00074584 -0.38779
0.00075001 0.011857
0.00075417 0.11806
0.00075834 0.11562
0.00076251 0.4578
0.00076667 0.55838
0.00077084 0.55598
0.00077501 0.97417
0.00077917 1.1225
0.00078334 1.122
0.00078751 1.5613
0.00079167 1.6636
0.00079584 1.662
0.00080001 2.0659
0.00080417 2.2588
0.00080834 2.2554
0.00081251 2.7277
0.00081667 2.8093
0.00082084 2.8078
0.00082501 3.1203
0.00082917 3.3111
0.00083334 3.3149
0.00083751 3.7608
0.00084167 3.8315
0.00084584 3.8292
0.00085001 4.0817
0.00085417 4.2683
0.00085834 4.287
0.00086251 4.6342
0.00086667 4.6868
0.00087084 4.683
0.00087501 4.8509
0.00087917 5.0529
0.00088334 5.0851
0.00088751 5.3504
0.00089167 5.4219
0.00089584 5.4172
0.00090001 5.4288
0.00090417 5.5817
0.00090834 5.571
0.00091251 5.5251
0.00091667 5.531
0.00092084 5.5292
0.00092501 5.4765
0.00092917 5.4105
0.00093334 5.4251
0.00093751 5.4792
0.00094167 5.4315
0.00094584 5.4288
0.00095001 5.523
0.00095417 5.5906
0.00095834 5.6262
0.00096251 5.7509
0.00096667 5.7419
0.00097084 5.7402
0.00097501 5.8521
0.00097917 5.9115
0.00098334 5.9217
0.00098751 5.9632
0.00099167 5.9654
0.00099584 5.9622
0.001 5.9827
0.0010042 6.0183
0.0010083 6.0306
0.0010125 6.0596
0.0010167 6.0473
0.0010208 6.0441
0.001025 6.0406
0.0010292 6.0338
0.0010333 6.021
0.0010375 5.9865
0.0010417 5.9783
0.0010458 5.9748
0.00105 5.9358
0.0010542 5.8774
0.0010583 5.8608
0.0010625 5.774
0.0010667 5.7401
0.0010708 5.7396
0.001075 5.6497
0.0010792 5.5614
0.0010833 5.5279
0.0010875 5.3912
0.0010917 5.362
0.0010958 5.3598
0.0011 5.2395
0.0011042 5.1052
0.0011083 5.0677
0.0011125  4.84
0.0011167 4.7884
0.0011208 4.7876
0.001125 4.605
0.0011292 4.4567
0.0011333 4.4243
0.0011375 4.1591
0.0011417 4.1173
0.0011458 4.1168
0.00115 3.9229
0.0011542 3.7596
0.0011583 3.7426
0.0011625 3.4153
0.0011667 3.3605
0.0011708 3.358
0.001175 3.0705
0.0011792 2.8802
0.0011833 2.8795
0.0011875 2.4458
0.0011917 2.3969
0.0011958 2.3991
0.0012 2.0708
0.0012042 1.8895
0.0012083 1.8905
0.0012125 1.4413
0.0012167 1.3824
0.0012208 1.383
0.001225 1.0342
0.0012292 0.87111
0.0012333 0.87276
0.0012375 0.45428
0.0012417 0.36859
0.0012458 0.3689
0.00125 0.04474
0.0012542 -0.079814
0.0012583 -0.079405
0.0012625 -0.4761
0.0012667 -0.58287
0.0012708 -0.58155
0.001275 -1.0204
0.0012792 -1.1497
0.0012833 -1.1459
0.0012875 -1.5686
0.0012917 -1.7238
0.0012958 -1.7212
0.0013 -2.1658
0.0013042 -2.268
0.0013083 -2.2668
0.0013125 -2.6368
0.0013167 -2.8237
0.0013208 -2.8218
0.001325 -3.244
0.0013292 -3.3234
0.0013333 -3.3201
0.0013375 -3.6221
0.0013417 -3.798
0.0013458 -3.8023
0.00135 -4.204
0.0013542 -4.2712
0.0013583 -4.2686
0.0013625  -4.5
0.0013667 -4.698
0.0013708 -4.7192
0.001375 -5.0385
0.0013792 -5.0999
0.0013833 -5.096
0.0013875 -5.192
0.0013917 -5.3721
0.0013958 -5.3861
0.0014 -5.524
0.0014042 -5.5878
0.0014083 -5.5853
0.0014125 -5.5011
0.0014167 -5.4956
0.0014208 -5.4835
0.001425 -5.408
0.0014292 -5.3612
0.0014333 -5.3581
0.0014375 -5.4284
0.0014417 -5.4453
0.0014458 -5.4745
0.00145 -5.6159
0.0014542 -5.5938
0.0014583 -5.5902
0.0014625 -5.7028
0.0014667 -5.7737
0.0014708 -5.7975
0.001475 -5.8885
0.0014792 -5.8807
0.0014833 -5.8772
0.0014875 -5.9169
0.0014917 -5.9738
0.0014958 -5.9854
0.0015 -6.03
0.0015042 -6.025
0.0015083 -6.0235
0.0015125 -6.0352
0.0015167 -6.0482
0.0015208 -6.0452
0.001525 -6.0329
0.0015292 -6.0215
0.0015333 -6.0192
0.0015375 -6.0044
0.0015417 -5.9684
0.0015458 -5.9557
0.00155 -5.9055
0.0015542 -5.8899
0.0015583 -5.8868
0.0015625 -5.8295
0.0015667 -5.7608
0.0015708 -5.7339
0.001575 -5.6173
0.0015792 -5.5909
0.0015833 -5.5917
0.0015875 -5.5131
0.0015917 -5.4084
0.0015958 -5.3736
0.0016 -5.1625
0.0016042 -5.1084
0.0016083 -5.1056
0.0016125 -4.9189
0.0016167 -4.7824
0.0016208 -4.7543
0.001625 -4.5289
0.0016292 -4.4893
0.0016333 -4.4885
0.0016375 -4.3118
0.0016417 -4.1641
0.0016458 -4.1472
0.00165 -3.8459
0.0016542 -3.787
0.0016583 -3.7873
0.0016625 -3.5203
0.0016667 -3.346
0.0016708 -3.343
0.001675 -2.971
0.0016792 -2.9174
0.0016833 -2.8682
0.0016875 -2.5895
0.0016917 -2.4355
0.0016958 -2.4368
0.0017 -2.0044
0.0017042 -1.9414
0.0017083 -1.9423
0.0017125 -1.5913
0.0017167 -1.4272
0.0017208 -1.4288
0.001725 -1.0177
0.0017292 -0.94378
0.0017333 -0.94551
0.0017375 -0.53697
0.0017417 -0.38748
0.0017458 -0.38779
0.00175 0.011857
0.0017542 0.11806
0.0017583 0.11562
0.0017625 0.4578
0.0017667 0.55838
0.0017708 0.55598
0.001775 0.97417
0.0017792 1.1225
0.0017833 1.122
0.0017875 1.5613
0.0017917 1.6636
0.0017958 1.662
0.0018 2.0659
0.0018042 2.2588
0.0018083 2.2554
0.0018125 2.7277
0.0018167 2.8093
0.0018208 2.8078
0.001825 3.1203
0.0018292 3.3111
0.0018333 3.3149
0.0018375 3.7608
0.0018417 3.8315
0.0018458 3.8292
0.00185 4.0817
0.0018542 4.2683
0.0018583 4.287
0.0018625 4.6342
0.0018667 4.6868
0.0018708 4.683
0.001875 4.8509
0.0018792 5.0529
0.0018833 5.0851
0.0018875 5.3504
0.0018917 5.4219
0.0018958 5.4172
0.0019 5.4288
0.0019042 5.5817
0.0019083 5.571
0.0019125 5.5251
0.0019167 5.531
0.0019208 5.5292
0.001925 5.4765
0.0019292 5.4105
0.0019333 5.4251
0.0019375 5.4792
0.0019417 5.4315
0.0019458 5.4288
0.00195 5.523
0.0019542 5.5906
0.0019583 5.6262
0.0019625 5.7509
0.0019667 5.7419
0.0019708 5.7402
0.001975 5.8521
0.0019792 5.9115
0.0019833 5.9217
0.0019875 5.9632
0.0019917 5.9654
0.0019958 5.9622
0.002 5.9827
0.0020042 6.0183
0.0020083 6.0306
0.0020125 6.0596
0.0020167 6.0473
0.0020208 6.0441
0.002025 6.0406
0.0020292 6.0338
0.0020333 6.021
0.0020375 5.9865
0.0020417 5.9783
0.0020458 5.9748
0.00205 5.9358
0.0020542 5.8774
0.0020583 5.8608
0.0020625 5.774
0.0020667 5.7401
0.0020708 5.7396
0.002075 5.6497
0.0020792 5.5614
0.0020834 5.5279
0.0020875 5.3912
0.0020917 5.362
0.0020959 5.3598
0.0021 5.2395
0.0021042 5.1052
0.0021084 5.0677
0.0021125  4.84
0.0021167 4.7884
0.0021209 4.7876
0.002125 4.605
0.0021292 4.4567
0.0021334 4.4243
0.0021375 4.1591
0.0021417 4.1173
0.0021459 4.1168
0.00215 3.9229
0.0021542 3.7596
0.0021584 3.7426
0.0021625 3.4153
0.0021667 3.3605
0.0021709 3.358
0.002175 3.0705
0.0021792 2.8802
0.0021834 2.8795
0.0021875 2.4458
0.0021917 2.3969
0.0021959 2.3991
0.0022 2.0708
0.0022042 1.8895
0.0022084 1.8905
0.0022125 1.4413
0.0022167 1.3824
0.0022209 1.383
0.002225 1.0342
0.0022292 0.87111
0.0022334 0.87276
0.0022375 0.45428
0.0022417 0.36859
0.0022459 0.3689
0.00225 0.04474
0.0022542 -0.079814
0.0022584 -0.079405
0.0022625 -0.4761
0.0022667 -0.58287
0.0022709 -0.58155
0.002275 -1.0204
0.0022792 -1.1497
0.0022834 -1.1459
0.0022875 -1.5686
0.0022917 -1.7238
0.0022959 -1.7212
0.0023 -2.1658
0.0023042 -2.268
0.0023084 -2.2668
0.0023125 -2.6368
0.0023167 -2.8237
0.0023209 -2.8218
0.002325 -3.244
0.0023292 -3.3234
0.0023334 -3.3201
0.0023375 -3.6221
0.0023417 -3.798
0.0023459 -3.8023
0.00235 -4.204
0.0023542 -4.2712
0.0023584 -4.2686
0.0023625  -4.5
0.0023667 -4.698
0.0023709 -4.7192
0.002375 -5.0385
0.0023792 -5.0999
0.0023834 -5.096
0.0023875 -5.192
0.0023917 -5.3721
0.0023959 -5.3861
0.0024 -5.524
0.0024042 -5.5878
0.0024084 -5.5853
0.0024125 -5.5011
0.0024167 -5.4956
0.0024209 -5.4835
0.002425 -5.408
0.0024292 -5.3612
0.0024334 -5.3581
0.0024375 -5.4284
0.0024417 -5.4453
0.0024459 -5.4745
0.00245 -5.6159
0.0024542 -5.5938
0.0024584 -5.5902
0.0024625 -5.7028
0.0024667 -5.7737
0.0024709 -5.7975
0.002475 -5.8885
0.0024792 -5.8807
0.0024834 -5.8772
0.0024875 -5.9169
0.0024917 -5.9738
0.0024959 -5.9854
0.0025 -6.03
0.0025042 -6.025
0.0025084 -6.0235
0.0025125 -6.0352
0.0025167 -6.0482
0.0025209 -6.0452
0.002525 -6.0329
0.0025292 -6.0215
0.0025334 -6.0192
0.0025375 -6.0044
0.0025417 -5.9684
0.0025459 -5.9557
0.00255 -5.9055
0.0025542 -5.8899
0.0025584 -5.8868
0.0025625 -5.8295
0.0025667 -5.7608
0.0025709 -5.7339
0.002575 -5.6173
0.0025792 -5.5909
0.0025834 -5.5917
0.0025875 -5.5131
0.0025917 -5.4084
0.0025959 -5.3736
0.0026 -5.1625
0.0026042 -5.1084
0.0026084 -5.1056
0.0026125 -4.9189
0.0026167 -4.7824
0.0026209 -4.7543
0.002625 -4.5289
0.0026292 -4.4893
0.0026334 -4.4885
0.0026375 -4.3118
0.0026417 -4.1641
0.0026459 -4.1472
0.00265 -3.8459
0.0026542 -3.787
0.0026584 -3.7873
0.0026625 -3.5203
0.0026667 -3.346
0.0026709 -3.343
0.002675 -2.971
0.0026792 -2.9174
0.0026834 -2.8682
0.0026875 -2.5895
0.0026917 -2.4355
0.0026959 -2.4368
0.0027 -2.0044
0.0027042 -1.9414
0.0027084 -1.9423
0.0027125 -1.5913
0.0027167 -1.4272
0.0027209 -1.4288
0.002725 -1.0177
0.0027292 -0.94378
0.0027334 -0.94551
0.0027375 -0.53697
0.0027417 -0.38748
0.0027459 -0.38779
0.00275 0.011857
0.0027542 0.11806
0.0027584 0.11562
0.0027625 0.4578
0.0027667 0.55838
0.0027709 0.55598
0.002775 0.97417
0.0027792 1.1225
0.0027834 1.122
0.0027875 1.5613
0.0027917 1.6636
0.0027959 1.662
0.0028 2.0659
0.0028042 2.2588
0.0028084 2.2554
0.0028125 2.7277
0.0028167 2.8093
0.0028209 2.8078
0.002825 3.1203
0.0028292 3.3111
0.0028334 3.3149
0.0028375 3.7608
0.0028417 3.8315
0.0028459 3.8292
0.00285 4.0817
0.0028542 4.2683
0.0028584 4.287
0.0028625 4.6342
0.0028667 4.6868
0.0028709 4.683
0.002875 4.8509
0.0028792 5.0529
0.0028834 5.0851
0.0028875 5.3504
0.0028917 5.4219
0.0028959 5.4172
0.0029 5.4288
0.0029042 5.5817
0.0029084 5.571
0.0029125 5.5251
0.0029167 5.531
0.0029209 5.5292
0.002925 5.4765
0.0029292 5.4105
0.0029334 5.4251
0.0029375 5.4792
0.0029417 5.4315
0.0029459 5.4288
0.00295 5.523
0.0029542 5.5906
0.0029584 5.6262
0.0029625 5.7509
0.0029667 5.7419
0.0029709 5.7402
0.002975 5.8521
0.0029792 5.9115
0.0029834 5.9217
0.0029875 5.9632
0.0029917 5.9654
0.0029959 5.9622
0.003 5.9827
0.0030042 6.0183
0.0030084 6.0306
0.0030125 6.0596
0.0030167 6.0473
0.0030209 6.0441
0.003025 6.0406
0.0030292 6.0338
0.0030334 6.021
0.0030375 5.9865
0.0030417 5.9783
0.0030459 5.9748
0.00305 5.9358
0.0030542 5.8774
0.0030584 5.8608
0.0030625 5.774
0.0030667 5.7401
0.0030709 5.7396
0.003075 5.6497
0.0030792 5.5614
0.0030834 5.5279
0.0030875 5.3912
0.0030917 5.362
0.0030959 5.3598
0.0031 5.2395
0.0031042 5.1052
0.0031084 5.0677
0.0031125  4.84
0.0031167 4.7884
0.0031209 4.7876
0.003125 4.605
0.0031292 4.4567
0.0031334 4.4243
0.0031375 4.1591
0.0031417 4.1173
0.0031459 4.1168
0.00315 3.9229
0.0031542 3.7596
0.0031584 3.7426
0.0031625 3.4153
0.0031667 3.3605
0.0031709 3.358
0.003175 3.0705
0.0031792 2.8802
0.0031834 2.8795
0.0031875 2.4458
0.0031917 2.3969
0.0031959 2.3991
0.0032 2.0708
0.0032042 1.8895
0.0032084 1.8905
0.0032125 1.4413
0.0032167 1.3824
0.0032209 1.383
0.003225 1.0342
0.0032292 0.87111
0.0032334 0.87276
0.0032375 0.45428
0.0032417 0.36859
0.0032459 0.3689
0.00325 0.04474
0.0032542 -0.079814
0.0032584 -0.079405
0.0032625 -0.4761
0.0032667 -0.58287
0.0032709 -0.58155
0.003275 -1.0204
0.0032792 -1.1497
0.0032834 -1.1459
0.0032875 -1.5686
0.0032917 -1.7238
0.0032959 -1.7212
0.0033 -2.1658
0.0033042 -2.268
0.0033084 -2.2668
0.0033125 -2.6368
0.0033167 -2.8237
0.0033209 -2.8218
0.003325 -3.244
0.0033292 -3.3234
0.0033334 -3.3201
0.0033375 -3.6221
0.0033417 -3.798
0.0033459 -3.8023
0.00335 -4.204
0.0033542 -4.2712
0.0033584 -4.2686
0.0033625  -4.5
0.0033667 -4.698
0.0033709 -4.7192
0.003375 -5.0385
0.0033792 -5.0999
0.0033834 -5.096
0.0033875 -5.192
0.0033917 -5.3721
0.0033959 -5.3861
0.0034 -5.524
0.0034042 -5.5878
0.0034084 -5.5853
0.0034125 -5.5011
0.0034167 -5.4956
0.0034209 -5.4835
0.003425 -5.408
0.0034292 -5.3612
0.0034334 -5.3581
0.0034375 -5.4284
0.0034417 -5.4453
0.0034459 -5.4745
0.00345 -5.6159
0.0034542 -5.5938
0.0034584 -5.5902
0.0034625 -5.7028
0.0034667 -5.7737
0.0034709 -5.7975
0.003475 -5.8885
0.0034792 -5.8807
0.0034834 -5.8772
0.0034875 -5.9169
0.0034917 -5.9738
0.0034959 -5.9854
0.0035 -6.03
0.0035042 -6.025
0.0035084 -6.0235
0.0035125 -6.0352
0.0035167 -6.0482
0.0035209 -6.0452
0.003525 -6.0329
0.0035292 -6.0215
0.0035334 -6.0192
0.0035375 -6.0044
0.0035417 -5.9684
0.0035459 -5.9557
0.00355 -5.9055
0.0035542 -5.8899
0.0035584 -5.8868
0.0035625 -5.8295
0.0035667 -5.7608
0.0035709 -5.7339
0.003575 -5.6173
0.0035792 -5.5909
0.0035834 -5.5917
0.0035875 -5.5131
0.0035917 -5.4084
0.0035959 -5.3736
0.0036 -5.1625
0.0036042 -5.1084
0.0036084 -5.1056
0.0036125 -4.9189
0.0036167 -4.7824
0.0036209 -4.7543
0.003625 -4.5289
0.0036292 -4.4893
0.0036334 -4.4885
0.0036375 -4.3118
0.0036417 -4.1641
0.0036459 -4.1472
0.00365 -3.8459
0.0036542 -3.787
0.0036584 -3.7873
0.0036625 -3.5203
0.0036667 -3.346
0.0036709 -3.343
0.003675 -2.971
0.0036792 -2.9174
0.0036834 -2.8682
0.0036875 -2.5895
0.0036917 -2.4355
0.0036959 -2.4368
0.0037 -2.0044
0.0037042 -1.9414
0.0037084 -1.9423
0.0037125 -1.5913
0.0037167 -1.4272
0.0037209 -1.4288
0.003725 -1.0177
0.0037292 -0.94378
0.0037334 -0.94551
0.0037375 -0.53697
0.0037417 -0.38748
0.0037459 -0.38779
0.00375 0.011857
0.0037542 0.11806
0.0037584 0.11562
0.0037625 0.4578
0.0037667 0.55838
0.0037709 0.55598
0.003775 0.97417
0.0037792 1.1225
0.0037834 1.122
0.0037875 1.5613
0.0037917 1.6636
0.0037959 1.662
0.0038 2.0659
0.0038042 2.2588
0.0038084 2.2554
0.0038125 2.7277
0.0038167 2.8093
0.0038209 2.8078
0.003825 3.1203
0.0038292 3.3111
0.0038334 3.3149
0.0038375 3.7608
0.0038417 3.8315
0.0038459 3.8292
0.00385 4.0817
0.0038542 4.2683
0.0038584 4.287
0.0038625 4.6342
0.0038667 4.6868
0.0038709 4.683
0.003875 4.8509
0.0038792 5.0529
0.0038834 5.0851
0.0038875 5.3504
0.0038917 5.4219
0.0038959 5.4172
0.0039 5.4288
0.0039042 5.5817
0.0039084 5.571
0.0039125 5.5251
0.0039167 5.531
0.0039209 5.5292
0.003925 5.4765
0.0039292 5.4105
0.0039334 5.4251
0.0039375 5.4792
0.0039417 5.4315
0.0039459 5.4288
0.00395 5.523
0.0039542 5.5906
0.0039584 5.6262
0.0039625 5.7509
0.0039667 5.7419
0.0039709 5.7402
0.003975 5.8521
0.0039792 5.9115
0.0039834 5.9217
0.0039875 5.9632
0.0039917 5.9654
0.0039959 5.9622
0.004 5.9827
0.0040042 6.0183
0.0040084 6.0306
0.0040125 6.0596
0.0040167 6.0473
0.0040209 6.0441
0.004025 6.0406
0.0040292 6.0338
0.0040334 6.021
0.0040375 5.9865
0.0040417 5.9783
0.0040459 5.9748
0.00405 5.9358
0.0040542 5.8774
0.0040584 5.8608
0.0040625 5.774
0.0040667 5.7401
0.0040709 5.7396
0.004075 5.6497
0.0040792 5.5614
0.0040834 5.5279
0.0040875 5.3912
0.0040917 5.362
0.0040959 5.3598
0.0041 5.2395
0.0041042 5.1052
0.0041084 5.0677
0.0041125  4.84
0.0041167 4.7884
0.0041209 4.7876
0.004125 4.605
0.0041292 4.4567
0.0041334 4.4243
0.0041375 4.1591
0.0041417 4.1173
0.0041459 4.1168
0.00415 3.9229
0.0041542 3.7596
0.0041584 3.7426
0.0041625 3.4153
0.0041667 3.3605
0.0041709 3.358
0.004175 3.0705
0.0041792 2.8802
0.0041834 2.8795
0.0041875 2.4458
0.0041917 2.3969
0.0041959 2.3991
0.0042 2.0708
0.0042042 1.8895
0.0042084 1.8905
0.0042125 1.4413
0.0042167 1.3824
0.0042209 1.383
0.004225 1.0342
0.0042292 0.87111
0.0042334 0.87276
0.0042375 0.45428
0.0042417 0.36859
0.0042459 0.3689
0.00425 0.04474
0.0042542 -0.079814
0.0042584 -0.079405
0.0042625 -0.4761
0.0042667 -0.58287
0.0042709 -0.58155
0.004275 -1.0204
0.0042792 -1.1497
0.0042834 -1.1459
0.0042875 -1.5686
0.0042917 -1.7238
0.0042959 -1.7212
0.0043 -2.1658
0.0043042 -2.268
0.0043084 -2.2668
0.0043125 -2.6368
0.0043167 -2.8237
0.0043209 -2.8218
0.004325 -3.244
0.0043292 -3.3234
0.0043334 -3.3201
0.0043375 -3.6221
0.0043417 -3.798
0.0043459 -3.8023
0.00435 -4.204
0.0043542 -4.2712
0.0043584 -4.2686
0.0043625  -4.5
0.0043667 -4.698
0.0043709 -4.7192
0.004375 -5.0385
0.0043792 -5.0999
0.0043834 -5.096
0.0043875 -5.192
0.0043917 -5.3721
0.0043959 -5.3861
0.0044 -5.524
0.0044042 -5.5878
0.0044084 -5.5853
0.0044125 -5.5011
0.0044167 -5.4956
0.0044209 -5.4835
0.004425 -5.408
0.0044292 -5.3612
0.0044334 -5.3581
0.0044375 -5.4284
0.0044417 -5.4453
0.0044459 -5.4745
0.00445 -5.6159
0.0044542 -5.5938
0.0044584 -5.5902
0.0044625 -5.7028
0.0044667 -5.7737
0.0044709 -5.7975
0.004475 -5.8885
0.0044792 -5.8807
0.0044834 -5.8772
0.0044875 -5.9169
0.0044917 -5.9738
0.0044959 -5.9854
0.0045 -6.03
0.0045042 -6.025
0.0045084 -6.0235
0.0045125 -6.0352
0.0045167 -6.0482
0.0045209 -6.0452
0.004525 -6.0329
0.0045292 -6.0215
0.0045334 -6.0192
0.0045375 -6.0044
0.0045417 -5.9684
0.0045459 -5.9557
0.00455 -5.9055
0.0045542 -5.8899
0.0045584 -5.8868
0.0045625 -5.8295
0.0045667 -5.7608
0.0045709 -5.7339
0.004575 -5.6173
0.0045792 -5.5909
0.0045834 -5.5917
0.0045875 -5.5131
0.0045917 -5.4084
0.0045959 -5.3736
0.0046 -5.1625
0.0046042 -5.1084
0.0046084 -5.1056
0.0046125 -4.9189
0.0046167 -4.7824
0.0046209 -4.7543
0.004625 -4.5289
0.0046292 -4.4893
0.0046334 -4.4885
0.0046375 -4.3118
0.0046417 -4.1641
0.0046459 -4.1472
0.00465 -3.8459
0.0046542 -3.787
0.0046584 -3.7873
0.0046625 -3.5203
0.0046667 -3.346
0.0046709 -3.343
0.004675 -2.971
0.0046792 -2.9174
0.0046834 -2.8682
0.0046875 -2.5895
0.0046917 -2.4355
0.0046959 -2.4368
0.0047 -2.0044
0.0047042 -1.9414
0.0047084 -1.9423
0.0047125 -1.5913
0.0047167 -1.4272
0.0047209 -1.4288
0.004725 -1.0177
0.0047292 -0.94378
0.0047334 -0.94551
0.0047375 -0.53697
0.0047417 -0.38748
0.0047459 -0.38779
0.00475 0.011857
0.0047542 0.11806
0.0047584 0.11562
0.0047625 0.4578
0.0047667 0.55838
0.0047709 0.55598
0.004775 0.97417
0.0047792 1.1225
0.0047834 1.122
0.0047875 1.5613
0.0047917 1.6636
0.0047959 1.662
0.0048 2.0659
0.0048042 2.2588
0.0048084 2.2554
0.0048125 2.7277
0.0048167 2.8093
0.0048209 2.8078
0.004825 3.1203
0.0048292 3.3111
0.0048334 3.3149
0.0048375 3.7608
0.0048417 3.8315
0.0048459 3.8292
0.00485 4.0817
0.0048542 4.2683
0.0048584 4.287
0.0048625 4.6342
0.0048667 4.6868
0.0048709 4.683
0.004875 4.8509
0.0048792 5.0529
0.0048834 5.0851
0.0048875 5.3504
0.0048917 5.4219
0.0048959 5.4172
0.0049 5.4288
0.0049042 5.5817
0.0049084 5.571
0.0049125 5.5251
0.0049167 5.531
0.0049209 5.5292
0.004925 5.4765
0.0049292 5.4105
0.0049334 5.4251
0.0049375 5.4792
0.0049417 5.4315
0.0049459 5.4288
0.00495 5.523
0.0049542 5.5906
0.0049584 5.6262
0.0049625 5.7509
0.0049667 5.7419
0.0049709 5.7402
0.004975 5.8521
0.0049792 5.9115
0.0049834 5.9217
0.0049875 5.9632
0.0049917 5.9654
0.0049959 5.9622
