    0 0.0017672
4.1667e-06 0.0013852
8.3334e-06 0.00095155
1.25e-05 0.00017615
1.6667e-05 -0.00052304
2.0834e-05 -0.001183
2.5e-05 -0.001751
2.9167e-05 -0.0026056
3.3334e-05 -0.0034798
3.75e-05 -0.0040737
4.1667e-05 -0.0043813
4.5834e-05 -0.0049124
5e-05 -0.0058379
5.4167e-05 -0.0067281
5.8334e-05 -0.0072608
6.2501e-05 -0.0075201
6.6667e-05 -0.007619
7.0834e-05 -0.0079843
7.5001e-05 -0.0088029
7.9167e-05 -0.010047
8.3334e-05 -0.01111
8.7501e-05 -0.011494
9.1667e-05 -0.011031
9.5834e-05 -0.010574
0.0001 -0.010891
0.00010417 -0.011898
0.00010833 -0.012608
0.0001125 -0.012432
0.00011667 -0.011677
0.00012083 -0.011619
0.000125 -0.01275
0.00012917 -0.014549
0.00013333 -0.015739
0.0001375 -0.015517
0.00014167 -0.01432
0.00014583 -0.013439
0.00015 -0.013881
0.00015417 -0.015259
0.00015833 -0.016029
0.0001625 -0.015338
0.00016667 -0.013314
0.00017083 -0.011738
0.000175 -0.011995
0.00017917 -0.013882
0.00018333 -0.015276
0.0001875 -0.014546
0.00019167 -0.011069
0.00019583 -0.0078901
0.0002 -0.007802
0.00020417 -0.010242
0.00020834 -0.012303
0.0002125 -0.01142
0.00021667 -0.0068999
0.00022084 -0.0030139
0.000225 -0.0033612
0.00022917 -0.0064914
0.00023334 -0.0091254
0.0002375 -0.0084931
0.00024167 -0.005873
0.00024584 -0.0027339
0.00025 -0.0012482
0.00025417 -0.00086489
0.00025834 -0.00082541
0.0002625 0.00010859
0.00026667 -0.0011531
0.00027084 -0.0023176
0.000275 -0.0010556
0.00027917 0.0020248
0.00028334 0.0046138
0.0002875 0.0048949
0.00029167 0.003223
0.00029584 0.0021503
0.0003 0.0034091
0.00030417 0.0066654
0.00030834 0.009515
0.0003125 0.0098333
0.00031667 0.0080868
0.00032084 0.0066877
0.000325 0.0076505
0.00032917 0.0103
0.00033334 0.012779
0.0003375 0.013343
0.00034167 0.01175
0.00034584 0.010071
0.00035 0.010363
0.00035417 0.012421
0.00035834 0.014325
0.0003625 0.014278
0.00036667 0.012116
0.00037084 0.010115
0.000375 0.010401
0.00037917 0.012932
0.00038334 0.015432
0.0003875 0.015669
0.00039167 0.014632
0.00039584 0.013436
0.0004 0.013392
0.00040417 0.013543
0.00040834 0.013735
0.0004125 0.013574
0.00041667 0.013555
0.00042084 0.013467
0.000425 0.013186
0.00042917 0.013684
0.00043334 0.013827
0.0004375 0.013003
0.00044167 0.011628
0.00044584 0.010836
0.00045 0.011128
0.00045417 0.011852
0.00045834 0.011664
0.0004625 0.010313
0.00046667 0.0089633
0.00047084 0.0081803
0.000475 0.0080769
0.00047917 0.0077582
0.00048334 0.0069133
0.0004875 0.0056386
0.00049167 0.003905
0.00049584 0.002458
0.0005 0.0017672
0.00050417 0.0013852
0.00050834 0.00095155
0.0005125 0.00017615
0.00051667 -0.00052304
0.00052084 -0.001183
0.000525 -0.001751
0.00052917 -0.0026056
0.00053334 -0.0034798
0.0005375 -0.0040737
0.00054167 -0.0043813
0.00054584 -0.0049124
0.00055 -0.0058379
0.00055417 -0.0067281
0.00055834 -0.0072608
0.0005625 -0.0075201
0.00056667 -0.007619
0.00057084 -0.0079843
0.000575 -0.0088029
0.00057917 -0.010047
0.00058334 -0.01111
0.0005875 -0.011494
0.00059167 -0.011031
0.00059584 -0.010574
0.0006 -0.010891
0.00060417 -0.011898
0.00060834 -0.012608
0.0006125 -0.012432
0.00061667 -0.011677
0.00062084 -0.011619
0.00062501 -0.01275
0.00062917 -0.014549
0.00063334 -0.015739
0.00063751 -0.015517
0.00064167 -0.01432
0.00064584 -0.013439
0.00065001 -0.013881
0.00065417 -0.015259
0.00065834 -0.016029
0.00066251 -0.015338
0.00066667 -0.013314
0.00067084 -0.011738
0.00067501 -0.011995
0.00067917 -0.013882
0.00068334 -0.015276
0.00068751 -0.014546
0.00069167 -0.011069
0.00069584 -0.0078901
0.00070001 -0.007802
0.00070417 -0.010242
0.00070834 -0.012303
0.00071251 -0.01142
0.00071667 -0.0068999
0.00072084 -0.0030139
0.00072501 -0.0033612
0.00072917 -0.0064914
0.00073334 -0.0091254
0.00073751 -0.0084931
0.00074167 -0.005873
0.00074584 -0.0027339
0.00075001 -0.0012482
0.00075417 -0.00086489
0.00075834 -0.00082541
0.00076251 0.00010859
0.00076667 -0.0011531
0.00077084 -0.0023176
0.00077501 -0.0010556
0.00077917 0.0020248
0.00078334 0.0046138
0.00078751 0.0048949
0.00079167 0.003223
0.00079584 0.0021503
0.00080001 0.0034091
0.00080417 0.0066654
0.00080834 0.009515
0.00081251 0.0098333
0.00081667 0.0080868
0.00082084 0.0066877
0.00082501 0.0076505
0.00082917 0.0103
0.00083334 0.012779
0.00083751 0.013343
0.00084167 0.01175
0.00084584 0.010071
0.00085001 0.010363
0.00085417 0.012421
0.00085834 0.014325
0.00086251 0.014278
0.00086667 0.012116
0.00087084 0.010115
0.00087501 0.010401
0.00087917 0.012932
0.00088334 0.015432
0.00088751 0.015669
0.00089167 0.014632
0.00089584 0.013436
0.00090001 0.013392
0.00090417 0.013543
0.00090834 0.013735
0.00091251 0.013574
0.00091667 0.013555
0.00092084 0.013467
0.00092501 0.013186
0.00092917 0.013684
0.00093334 0.013827
0.00093751 0.013003
0.00094167 0.011628
0.00094584 0.010836
0.00095001 0.011128
0.00095417 0.011852
0.00095834 0.011664
0.00096251 0.010313
0.00096667 0.0089633
0.00097084 0.0081803
0.00097501 0.0080769
0.00097917 0.0077582
0.00098334 0.0069133
0.00098751 0.0056386
0.00099167 0.003905
0.00099584 0.002458
0.001 0.0017672
0.0010042 0.0013852
0.0010083 0.00095155
0.0010125 0.00017615
0.0010167 -0.00052304
0.0010208 -0.001183
0.001025 -0.001751
0.0010292 -0.0026056
0.0010333 -0.0034798
0.0010375 -0.0040737
0.0010417 -0.0043813
0.0010458 -0.0049124
0.00105 -0.0058379
0.0010542 -0.0067281
0.0010583 -0.0072608
0.0010625 -0.0075201
0.0010667 -0.007619
0.0010708 -0.0079843
0.001075 -0.0088029
0.0010792 -0.010047
0.0010833 -0.01111
0.0010875 -0.011494
0.0010917 -0.011031
0.0010958 -0.010574
0.0011 -0.010891
0.0011042 -0.011898
0.0011083 -0.012608
0.0011125 -0.012432
0.0011167 -0.011677
0.0011208 -0.011619
0.001125 -0.01275
0.0011292 -0.014549
0.0011333 -0.015739
0.0011375 -0.015517
0.0011417 -0.01432
0.0011458 -0.013439
0.00115 -0.013881
0.0011542 -0.015259
0.0011583 -0.016029
0.0011625 -0.015338
0.0011667 -0.013314
0.0011708 -0.011738
0.001175 -0.011995
0.0011792 -0.013882
0.0011833 -0.015276
0.0011875 -0.014546
0.0011917 -0.011069
0.0011958 -0.0078901
0.0012 -0.007802
0.0012042 -0.010242
0.0012083 -0.012303
0.0012125 -0.01142
0.0012167 -0.0068999
0.0012208 -0.0030139
0.001225 -0.0033612
0.0012292 -0.0064914
0.0012333 -0.0091254
0.0012375 -0.0084931
0.0012417 -0.005873
0.0012458 -0.0027339
0.00125 -0.0012482
0.0012542 -0.00086489
0.0012583 -0.00082541
0.0012625 0.00010859
0.0012667 -0.0011531
0.0012708 -0.0023176
0.001275 -0.0010556
0.0012792 0.0020248
0.0012833 0.0046138
0.0012875 0.0048949
0.0012917 0.003223
0.0012958 0.0021503
0.0013 0.0034091
0.0013042 0.0066654
0.0013083 0.009515
0.0013125 0.0098333
0.0013167 0.0080868
0.0013208 0.0066877
0.001325 0.0076505
0.0013292 0.0103
0.0013333 0.012779
0.0013375 0.013343
0.0013417 0.01175
0.0013458 0.010071
0.00135 0.010363
0.0013542 0.012421
0.0013583 0.014325
0.0013625 0.014278
0.0013667 0.012116
0.0013708 0.010115
0.001375 0.010401
0.0013792 0.012932
0.0013833 0.015432
0.0013875 0.015669
0.0013917 0.014632
0.0013958 0.013436
0.0014 0.013392
0.0014042 0.013543
0.0014083 0.013735
0.0014125 0.013574
0.0014167 0.013555
0.0014208 0.013467
0.001425 0.013186
0.0014292 0.013684
0.0014333 0.013827
0.0014375 0.013003
0.0014417 0.011628
0.0014458 0.010836
0.00145 0.011128
0.0014542 0.011852
0.0014583 0.011664
0.0014625 0.010313
0.0014667 0.0089633
0.0014708 0.0081803
0.001475 0.0080769
0.0014792 0.0077582
0.0014833 0.0069133
0.0014875 0.0056386
0.0014917 0.003905
0.0014958 0.002458
0.0015 0.0017672
0.0015042 0.0013852
0.0015083 0.00095155
0.0015125 0.00017615
0.0015167 -0.00052304
0.0015208 -0.001183
0.001525 -0.001751
0.0015292 -0.0026056
0.0015333 -0.0034798
0.0015375 -0.0040737
0.0015417 -0.0043813
0.0015458 -0.0049124
0.00155 -0.0058379
0.0015542 -0.0067281
0.0015583 -0.0072608
0.0015625 -0.0075201
0.0015667 -0.007619
0.0015708 -0.0079843
0.001575 -0.0088029
0.0015792 -0.010047
0.0015833 -0.01111
0.0015875 -0.011494
0.0015917 -0.011031
0.0015958 -0.010574
0.0016 -0.010891
0.0016042 -0.011898
0.0016083 -0.012608
0.0016125 -0.012432
0.0016167 -0.011677
0.0016208 -0.011619
0.001625 -0.01275
0.0016292 -0.014549
0.0016333 -0.015739
0.0016375 -0.015517
0.0016417 -0.01432
0.0016458 -0.013439
0.00165 -0.013881
0.0016542 -0.015259
0.0016583 -0.016029
0.0016625 -0.015338
0.0016667 -0.013314
0.0016708 -0.011738
0.001675 -0.011995
0.0016792 -0.013882
0.0016833 -0.015276
0.0016875 -0.014546
0.0016917 -0.011069
0.0016958 -0.0078901
0.0017 -0.007802
0.0017042 -0.010242
0.0017083 -0.012303
0.0017125 -0.01142
0.0017167 -0.0068999
0.0017208 -0.0030139
0.001725 -0.0033612
0.0017292 -0.0064914
0.0017333 -0.0091254
0.0017375 -0.0084931
0.0017417 -0.005873
0.0017458 -0.0027339
0.00175 -0.0012482
0.0017542 -0.00086489
0.0017583 -0.00082541
0.0017625 0.00010859
0.0017667 -0.0011531
0.0017708 -0.0023176
0.001775 -0.0010556
0.0017792 0.0020248
0.0017833 0.0046138
0.0017875 0.0048949
0.0017917 0.003223
0.0017958 0.0021503
0.0018 0.0034091
0.0018042 0.0066654
0.0018083 0.009515
0.0018125 0.0098333
0.0018167 0.0080868
0.0018208 0.0066877
0.001825 0.0076505
0.0018292 0.0103
0.0018333 0.012779
0.0018375 0.013343
0.0018417 0.01175
0.0018458 0.010071
0.00185 0.010363
0.0018542 0.012421
0.0018583 0.014325
0.0018625 0.014278
0.0018667 0.012116
0.0018708 0.010115
0.001875 0.010401
0.0018792 0.012932
0.0018833 0.015432
0.0018875 0.015669
0.0018917 0.014632
0.0018958 0.013436
0.0019 0.013392
0.0019042 0.013543
0.0019083 0.013735
0.0019125 0.013574
0.0019167 0.013555
0.0019208 0.013467
0.001925 0.013186
0.0019292 0.013684
0.0019333 0.013827
0.0019375 0.013003
0.0019417 0.011628
0.0019458 0.010836
0.00195 0.011128
0.0019542 0.011852
0.0019583 0.011664
0.0019625 0.010313
0.0019667 0.0089633
0.0019708 0.0081803
0.001975 0.0080769
0.0019792 0.0077582
0.0019833 0.0069133
0.0019875 0.0056386
0.0019917 0.003905
0.0019958 0.002458
0.002 0.0017672
0.0020042 0.0013852
0.0020083 0.00095155
0.0020125 0.00017615
0.0020167 -0.00052304
0.0020208 -0.001183
0.002025 -0.001751
0.0020292 -0.0026056
0.0020333 -0.0034798
0.0020375 -0.0040737
0.0020417 -0.0043813
0.0020458 -0.0049124
0.00205 -0.0058379
0.0020542 -0.0067281
0.0020583 -0.0072608
0.0020625 -0.0075201
0.0020667 -0.007619
0.0020708 -0.0079843
0.002075 -0.0088029
0.0020792 -0.010047
0.0020834 -0.01111
0.0020875 -0.011494
0.0020917 -0.011031
0.0020959 -0.010574
0.0021 -0.010891
0.0021042 -0.011898
0.0021084 -0.012608
0.0021125 -0.012432
0.0021167 -0.011677
0.0021209 -0.011619
0.002125 -0.01275
0.0021292 -0.014549
0.0021334 -0.015739
0.0021375 -0.015517
0.0021417 -0.01432
0.0021459 -0.013439
0.00215 -0.013881
0.0021542 -0.015259
0.0021584 -0.016029
0.0021625 -0.015338
0.0021667 -0.013314
0.0021709 -0.011738
0.002175 -0.011995
0.0021792 -0.013882
0.0021834 -0.015276
0.0021875 -0.014546
0.0021917 -0.011069
0.0021959 -0.0078901
0.0022 -0.007802
0.0022042 -0.010242
0.0022084 -0.012303
0.0022125 -0.01142
0.0022167 -0.0068999
0.0022209 -0.0030139
0.002225 -0.0033612
0.0022292 -0.0064914
0.0022334 -0.0091254
0.0022375 -0.0084931
0.0022417 -0.005873
0.0022459 -0.0027339
0.00225 -0.0012482
0.0022542 -0.00086489
0.0022584 -0.00082541
0.0022625 0.00010859
0.0022667 -0.0011531
0.0022709 -0.0023176
0.002275 -0.0010556
0.0022792 0.0020248
0.0022834 0.0046138
0.0022875 0.0048949
0.0022917 0.003223
0.0022959 0.0021503
0.0023 0.0034091
0.0023042 0.0066654
0.0023084 0.009515
0.0023125 0.0098333
0.0023167 0.0080868
0.0023209 0.0066877
0.002325 0.0076505
0.0023292 0.0103
0.0023334 0.012779
0.0023375 0.013343
0.0023417 0.01175
0.0023459 0.010071
0.00235 0.010363
0.0023542 0.012421
0.0023584 0.014325
0.0023625 0.014278
0.0023667 0.012116
0.0023709 0.010115
0.002375 0.010401
0.0023792 0.012932
0.0023834 0.015432
0.0023875 0.015669
0.0023917 0.014632
0.0023959 0.013436
0.0024 0.013392
0.0024042 0.013543
0.0024084 0.013735
0.0024125 0.013574
0.0024167 0.013555
0.0024209 0.013467
0.002425 0.013186
0.0024292 0.013684
0.0024334 0.013827
0.0024375 0.013003
0.0024417 0.011628
0.0024459 0.010836
0.00245 0.011128
0.0024542 0.011852
0.0024584 0.011664
0.0024625 0.010313
0.0024667 0.0089633
0.0024709 0.0081803
0.002475 0.0080769
0.0024792 0.0077582
0.0024834 0.0069133
0.0024875 0.0056386
0.0024917 0.003905
0.0024959 0.002458
0.0025 0.0017672
0.0025042 0.0013852
0.0025084 0.00095155
0.0025125 0.00017615
0.0025167 -0.00052304
0.0025209 -0.001183
0.002525 -0.001751
0.0025292 -0.0026056
0.0025334 -0.0034798
0.0025375 -0.0040737
0.0025417 -0.0043813
0.0025459 -0.0049124
0.00255 -0.0058379
0.0025542 -0.0067281
0.0025584 -0.0072608
0.0025625 -0.0075201
0.0025667 -0.007619
0.0025709 -0.0079843
0.002575 -0.0088029
0.0025792 -0.010047
0.0025834 -0.01111
0.0025875 -0.011494
0.0025917 -0.011031
0.0025959 -0.010574
0.0026 -0.010891
0.0026042 -0.011898
0.0026084 -0.012608
0.0026125 -0.012432
0.0026167 -0.011677
0.0026209 -0.011619
0.002625 -0.01275
0.0026292 -0.014549
0.0026334 -0.015739
0.0026375 -0.015517
0.0026417 -0.01432
0.0026459 -0.013439
0.00265 -0.013881
0.0026542 -0.015259
0.0026584 -0.016029
0.0026625 -0.015338
0.0026667 -0.013314
0.0026709 -0.011738
0.002675 -0.011995
0.0026792 -0.013882
0.0026834 -0.015276
0.0026875 -0.014546
0.0026917 -0.011069
0.0026959 -0.0078901
0.0027 -0.007802
0.0027042 -0.010242
0.0027084 -0.012303
0.0027125 -0.01142
0.0027167 -0.0068999
0.0027209 -0.0030139
0.002725 -0.0033612
0.0027292 -0.0064914
0.0027334 -0.0091254
0.0027375 -0.0084931
0.0027417 -0.005873
0.0027459 -0.0027339
0.00275 -0.0012482
0.0027542 -0.00086489
0.0027584 -0.00082541
0.0027625 0.00010859
0.0027667 -0.0011531
0.0027709 -0.0023176
0.002775 -0.0010556
0.0027792 0.0020248
0.0027834 0.0046138
0.0027875 0.0048949
0.0027917 0.003223
0.0027959 0.0021503
0.0028 0.0034091
0.0028042 0.0066654
0.0028084 0.009515
0.0028125 0.0098333
0.0028167 0.0080868
0.0028209 0.0066877
0.002825 0.0076505
0.0028292 0.0103
0.0028334 0.012779
0.0028375 0.013343
0.0028417 0.01175
0.0028459 0.010071
0.00285 0.010363
0.0028542 0.012421
0.0028584 0.014325
0.0028625 0.014278
0.0028667 0.012116
0.0028709 0.010115
0.002875 0.010401
0.0028792 0.012932
0.0028834 0.015432
0.0028875 0.015669
0.0028917 0.014632
0.0028959 0.013436
0.0029 0.013392
0.0029042 0.013543
0.0029084 0.013735
0.0029125 0.013574
0.0029167 0.013555
0.0029209 0.013467
0.002925 0.013186
0.0029292 0.013684
0.0029334 0.013827
0.0029375 0.013003
0.0029417 0.011628
0.0029459 0.010836
0.00295 0.011128
0.0029542 0.011852
0.0029584 0.011664
0.0029625 0.010313
0.0029667 0.0089633
0.0029709 0.0081803
0.002975 0.0080769
0.0029792 0.0077582
0.0029834 0.0069133
0.0029875 0.0056386
0.0029917 0.003905
0.0029959 0.002458
0.003 0.0017672
0.0030042 0.0013852
0.0030084 0.00095155
0.0030125 0.00017615
0.0030167 -0.00052304
0.0030209 -0.001183
0.003025 -0.001751
0.0030292 -0.0026056
0.0030334 -0.0034798
0.0030375 -0.0040737
0.0030417 -0.0043813
0.0030459 -0.0049124
0.00305 -0.0058379
0.0030542 -0.0067281
0.0030584 -0.0072608
0.0030625 -0.0075201
0.0030667 -0.007619
0.0030709 -0.0079843
0.003075 -0.0088029
0.0030792 -0.010047
0.0030834 -0.01111
0.0030875 -0.011494
0.0030917 -0.011031
0.0030959 -0.010574
0.0031 -0.010891
0.0031042 -0.011898
0.0031084 -0.012608
0.0031125 -0.012432
0.0031167 -0.011677
0.0031209 -0.011619
0.003125 -0.01275
0.0031292 -0.014549
0.0031334 -0.015739
0.0031375 -0.015517
0.0031417 -0.01432
0.0031459 -0.013439
0.00315 -0.013881
0.0031542 -0.015259
0.0031584 -0.016029
0.0031625 -0.015338
0.0031667 -0.013314
0.0031709 -0.011738
0.003175 -0.011995
0.0031792 -0.013882
0.0031834 -0.015276
0.0031875 -0.014546
0.0031917 -0.011069
0.0031959 -0.0078901
0.0032 -0.007802
0.0032042 -0.010242
0.0032084 -0.012303
0.0032125 -0.01142
0.0032167 -0.0068999
0.0032209 -0.0030139
0.003225 -0.0033612
0.0032292 -0.0064914
0.0032334 -0.0091254
0.0032375 -0.0084931
0.0032417 -0.005873
0.0032459 -0.0027339
0.00325 -0.0012482
0.0032542 -0.00086489
0.0032584 -0.00082541
0.0032625 0.00010859
0.0032667 -0.0011531
0.0032709 -0.0023176
0.003275 -0.0010556
0.0032792 0.0020248
0.0032834 0.0046138
0.0032875 0.0048949
0.0032917 0.003223
0.0032959 0.0021503
0.0033 0.0034091
0.0033042 0.0066654
0.0033084 0.009515
0.0033125 0.0098333
0.0033167 0.0080868
0.0033209 0.0066877
0.003325 0.0076505
0.0033292 0.0103
0.0033334 0.012779
0.0033375 0.013343
0.0033417 0.01175
0.0033459 0.010071
0.00335 0.010363
0.0033542 0.012421
0.0033584 0.014325
0.0033625 0.014278
0.0033667 0.012116
0.0033709 0.010115
0.003375 0.010401
0.0033792 0.012932
0.0033834 0.015432
0.0033875 0.015669
0.0033917 0.014632
0.0033959 0.013436
0.0034 0.013392
0.0034042 0.013543
0.0034084 0.013735
0.0034125 0.013574
0.0034167 0.013555
0.0034209 0.013467
0.003425 0.013186
0.0034292 0.013684
0.0034334 0.013827
0.0034375 0.013003
0.0034417 0.011628
0.0034459 0.010836
0.00345 0.011128
0.0034542 0.011852
0.0034584 0.011664
0.0034625 0.010313
0.0034667 0.0089633
0.0034709 0.0081803
0.003475 0.0080769
0.0034792 0.0077582
0.0034834 0.0069133
0.0034875 0.0056386
0.0034917 0.003905
0.0034959 0.002458
0.0035 0.0017672
0.0035042 0.0013852
0.0035084 0.00095155
0.0035125 0.00017615
0.0035167 -0.00052304
0.0035209 -0.001183
0.003525 -0.001751
0.0035292 -0.0026056
0.0035334 -0.0034798
0.0035375 -0.0040737
0.0035417 -0.0043813
0.0035459 -0.0049124
0.00355 -0.0058379
0.0035542 -0.0067281
0.0035584 -0.0072608
0.0035625 -0.0075201
0.0035667 -0.007619
0.0035709 -0.0079843
0.003575 -0.0088029
0.0035792 -0.010047
0.0035834 -0.01111
0.0035875 -0.011494
0.0035917 -0.011031
0.0035959 -0.010574
0.0036 -0.010891
0.0036042 -0.011898
0.0036084 -0.012608
0.0036125 -0.012432
0.0036167 -0.011677
0.0036209 -0.011619
0.003625 -0.01275
0.0036292 -0.014549
0.0036334 -0.015739
0.0036375 -0.015517
0.0036417 -0.01432
0.0036459 -0.013439
0.00365 -0.013881
0.0036542 -0.015259
0.0036584 -0.016029
0.0036625 -0.015338
0.0036667 -0.013314
0.0036709 -0.011738
0.003675 -0.011995
0.0036792 -0.013882
0.0036834 -0.015276
0.0036875 -0.014546
0.0036917 -0.011069
0.0036959 -0.0078901
0.0037 -0.007802
0.0037042 -0.010242
0.0037084 -0.012303
0.0037125 -0.01142
0.0037167 -0.0068999
0.0037209 -0.0030139
0.003725 -0.0033612
0.0037292 -0.0064914
0.0037334 -0.0091254
0.0037375 -0.0084931
0.0037417 -0.005873
0.0037459 -0.0027339
0.00375 -0.0012482
0.0037542 -0.00086489
0.0037584 -0.00082541
0.0037625 0.00010859
0.0037667 -0.0011531
0.0037709 -0.0023176
0.003775 -0.0010556
0.0037792 0.0020248
0.0037834 0.0046138
0.0037875 0.0048949
0.0037917 0.003223
0.0037959 0.0021503
0.0038 0.0034091
0.0038042 0.0066654
0.0038084 0.009515
0.0038125 0.0098333
0.0038167 0.0080868
0.0038209 0.0066877
0.003825 0.0076505
0.0038292 0.0103
0.0038334 0.012779
0.0038375 0.013343
0.0038417 0.01175
0.0038459 0.010071
0.00385 0.010363
0.0038542 0.012421
0.0038584 0.014325
0.0038625 0.014278
0.0038667 0.012116
0.0038709 0.010115
0.003875 0.010401
0.0038792 0.012932
0.0038834 0.015432
0.0038875 0.015669
0.0038917 0.014632
0.0038959 0.013436
0.0039 0.013392
0.0039042 0.013543
0.0039084 0.013735
0.0039125 0.013574
0.0039167 0.013555
0.0039209 0.013467
0.003925 0.013186
0.0039292 0.013684
0.0039334 0.013827
0.0039375 0.013003
0.0039417 0.011628
0.0039459 0.010836
0.00395 0.011128
0.0039542 0.011852
0.0039584 0.011664
0.0039625 0.010313
0.0039667 0.0089633
0.0039709 0.0081803
0.003975 0.0080769
0.0039792 0.0077582
0.0039834 0.0069133
0.0039875 0.0056386
0.0039917 0.003905
0.0039959 0.002458
0.004 0.0017672
0.0040042 0.0013852
0.0040084 0.00095155
0.0040125 0.00017615
0.0040167 -0.00052304
0.0040209 -0.001183
0.004025 -0.001751
0.0040292 -0.0026056
0.0040334 -0.0034798
0.0040375 -0.0040737
0.0040417 -0.0043813
0.0040459 -0.0049124
0.00405 -0.0058379
0.0040542 -0.0067281
0.0040584 -0.0072608
0.0040625 -0.0075201
0.0040667 -0.007619
0.0040709 -0.0079843
0.004075 -0.0088029
0.0040792 -0.010047
0.0040834 -0.01111
0.0040875 -0.011494
0.0040917 -0.011031
0.0040959 -0.010574
0.0041 -0.010891
0.0041042 -0.011898
0.0041084 -0.012608
0.0041125 -0.012432
0.0041167 -0.011677
0.0041209 -0.011619
0.004125 -0.01275
0.0041292 -0.014549
0.0041334 -0.015739
0.0041375 -0.015517
0.0041417 -0.01432
0.0041459 -0.013439
0.00415 -0.013881
0.0041542 -0.015259
0.0041584 -0.016029
0.0041625 -0.015338
0.0041667 -0.013314
0.0041709 -0.011738
0.004175 -0.011995
0.0041792 -0.013882
0.0041834 -0.015276
0.0041875 -0.014546
0.0041917 -0.011069
0.0041959 -0.0078901
0.0042 -0.007802
0.0042042 -0.010242
0.0042084 -0.012303
0.0042125 -0.01142
0.0042167 -0.0068999
0.0042209 -0.0030139
0.004225 -0.0033612
0.0042292 -0.0064914
0.0042334 -0.0091254
0.0042375 -0.0084931
0.0042417 -0.005873
0.0042459 -0.0027339
0.00425 -0.0012482
0.0042542 -0.00086489
0.0042584 -0.00082541
0.0042625 0.00010859
0.0042667 -0.0011531
0.0042709 -0.0023176
0.004275 -0.0010556
0.0042792 0.0020248
0.0042834 0.0046138
0.0042875 0.0048949
0.0042917 0.003223
0.0042959 0.0021503
0.0043 0.0034091
0.0043042 0.0066654
0.0043084 0.009515
0.0043125 0.0098333
0.0043167 0.0080868
0.0043209 0.0066877
0.004325 0.0076505
0.0043292 0.0103
0.0043334 0.012779
0.0043375 0.013343
0.0043417 0.01175
0.0043459 0.010071
0.00435 0.010363
0.0043542 0.012421
0.0043584 0.014325
0.0043625 0.014278
0.0043667 0.012116
0.0043709 0.010115
0.004375 0.010401
0.0043792 0.012932
0.0043834 0.015432
0.0043875 0.015669
0.0043917 0.014632
0.0043959 0.013436
0.0044 0.013392
0.0044042 0.013543
0.0044084 0.013735
0.0044125 0.013574
0.0044167 0.013555
0.0044209 0.013467
0.004425 0.013186
0.0044292 0.013684
0.0044334 0.013827
0.0044375 0.013003
0.0044417 0.011628
0.0044459 0.010836
0.00445 0.011128
0.0044542 0.011852
0.0044584 0.011664
0.0044625 0.010313
0.0044667 0.0089633
0.0044709 0.0081803
0.004475 0.0080769
0.0044792 0.0077582
0.0044834 0.0069133
0.0044875 0.0056386
0.0044917 0.003905
0.0044959 0.002458
0.0045 0.0017672
0.0045042 0.0013852
0.0045084 0.00095155
0.0045125 0.00017615
0.0045167 -0.00052304
0.0045209 -0.001183
0.004525 -0.001751
0.0045292 -0.0026056
0.0045334 -0.0034798
0.0045375 -0.0040737
0.0045417 -0.0043813
0.0045459 -0.0049124
0.00455 -0.0058379
0.0045542 -0.0067281
0.0045584 -0.0072608
0.0045625 -0.0075201
0.0045667 -0.007619
0.0045709 -0.0079843
0.004575 -0.0088029
0.0045792 -0.010047
0.0045834 -0.01111
0.0045875 -0.011494
0.0045917 -0.011031
0.0045959 -0.010574
0.0046 -0.010891
0.0046042 -0.011898
0.0046084 -0.012608
0.0046125 -0.012432
0.0046167 -0.011677
0.0046209 -0.011619
0.004625 -0.01275
0.0046292 -0.014549
0.0046334 -0.015739
0.0046375 -0.015517
0.0046417 -0.01432
0.0046459 -0.013439
0.00465 -0.013881
0.0046542 -0.015259
0.0046584 -0.016029
0.0046625 -0.015338
0.0046667 -0.013314
0.0046709 -0.011738
0.004675 -0.011995
0.0046792 -0.013882
0.0046834 -0.015276
0.0046875 -0.014546
0.0046917 -0.011069
0.0046959 -0.0078901
0.0047 -0.007802
0.0047042 -0.010242
0.0047084 -0.012303
0.0047125 -0.01142
0.0047167 -0.0068999
0.0047209 -0.0030139
0.004725 -0.0033612
0.0047292 -0.0064914
0.0047334 -0.0091254
0.0047375 -0.0084931
0.0047417 -0.005873
0.0047459 -0.0027339
0.00475 -0.0012482
0.0047542 -0.00086489
0.0047584 -0.00082541
0.0047625 0.00010859
0.0047667 -0.0011531
0.0047709 -0.0023176
0.004775 -0.0010556
0.0047792 0.0020248
0.0047834 0.0046138
0.0047875 0.0048949
0.0047917 0.003223
0.0047959 0.0021503
0.0048 0.0034091
0.0048042 0.0066654
0.0048084 0.009515
0.0048125 0.0098333
0.0048167 0.0080868
0.0048209 0.0066877
0.004825 0.0076505
0.0048292 0.0103
0.0048334 0.012779
0.0048375 0.013343
0.0048417 0.01175
0.0048459 0.010071
0.00485 0.010363
0.0048542 0.012421
0.0048584 0.014325
0.0048625 0.014278
0.0048667 0.012116
0.0048709 0.010115
0.004875 0.010401
0.0048792 0.012932
0.0048834 0.015432
0.0048875 0.015669
0.0048917 0.014632
0.0048959 0.013436
0.0049 0.013392
0.0049042 0.013543
0.0049084 0.013735
0.0049125 0.013574
0.0049167 0.013555
0.0049209 0.013467
0.004925 0.013186
0.0049292 0.013684
0.0049334 0.013827
0.0049375 0.013003
0.0049417 0.011628
0.0049459 0.010836
0.00495 0.011128
0.0049542 0.011852
0.0049584 0.011664
0.0049625 0.010313
0.0049667 0.0089633
0.0049709 0.0081803
0.004975 0.0080769
0.0049792 0.0077582
0.0049834 0.0069133
0.0049875 0.0056386
0.0049917 0.003905
0.0049959 0.002458
