    0 2.461
4.1667e-06 2.7405
8.3334e-06 3.0107
1.25e-05 2.8345
1.6667e-05 3.425
2.0834e-05 3.3197
2.5e-05 3.1676
2.9167e-05 3.4372
3.3334e-05 3.6972
3.75e-05 3.5123
4.1667e-05 4.089
4.5834e-05 3.9766
5e-05 3.8171
5.4167e-05 4.0737
5.8334e-05 4.3082
6.2501e-05 4.1205
6.6667e-05 4.6713
7.0834e-05 4.5415
7.5001e-05 4.3802
7.9167e-05 4.6165
8.3334e-05 4.8241
8.7501e-05 4.6379
9.1667e-05 5.1551
9.5834e-05 5.0106
0.0001 4.8508
0.00010417 5.0618
0.00010833 5.2293
0.0001125 5.0506
0.00011667 5.5176
0.00012083 5.3611
0.000125 5.2057
0.00012917 5.3793
0.00013333 5.5037
0.0001375 5.3367
0.00014167 5.7378
0.00014583 5.5725
0.00015 5.4273
0.00015417 5.5693
0.00015833 5.6398
0.0001625 5.4894
0.00016667 5.8186
0.00017083 5.6483
0.000175 5.5161
0.00017917 5.6198
0.00018333 5.6381
0.0001875 5.5079
0.00019167 5.7687
0.00019583 5.5828
0.0002 5.4661
0.00020417 5.5297
0.00020834 5.4873
0.0002125 5.3811
0.00021667 5.5236
0.00022084 5.3676
0.000225 5.2721
0.00022917 5.2751
0.00023334 5.1924
0.0002375 5.1103
0.00024167 5.1248
0.00024584 5.006
0.00025 4.9345
0.00025417 4.8406
0.00025834 4.7807
0.0002625 4.7238
0.00026667 4.6199
0.00027084 4.5311
0.000275 4.4847
0.00027917 4.2177
0.00028334 4.2327
0.0002875 4.2028
0.00029167 3.9886
0.00029584  3.91
0.0003 3.8953
0.00030417 3.6031
0.00030834 3.5579
0.0003125 3.5564
0.00031667 3.3076
0.00032084 3.1735
0.000325 3.1918
0.00032917 2.7807
0.00033334 2.779
0.0003375 2.8065
0.00034167 2.527
0.00034584 2.3447
0.00035 2.397
0.00035417 1.9137
0.00035834 1.9169
0.0003625 1.9726
0.00036667 1.6762
0.00037084 1.4488
0.000375 1.533
0.00037917 0.99557
0.00038334 1.0038
0.0003875 1.0866
0.00039167 0.80538
0.00039584 0.52173
0.0004 0.63515
0.00040417 0.088822
0.00040834 0.093481
0.0004125 0.19833
0.00041667 -0.04257
0.00042084 -0.3246
0.000425 -0.20202
0.00042917 -0.72777
0.00043334 -0.69915
0.0004375 -0.58924
0.00044167 -0.84095
0.00044584 -1.1136
0.00045 -0.97807
0.00045417 -1.5372
0.00045834 -1.4829
0.0004625 -1.3604
0.00046667 -1.6261
0.00047084 -1.9076
0.000475 -1.7535
0.00047917 -2.3304
0.00048334 -2.2537
0.0004875 -2.1185
0.00049167 -2.3864
0.00049584 -2.6691
0.0005 -2.498
0.00050417 -3.082
0.00050834 -2.9886
0.0005125 -2.8429
0.00051667 -3.1038
0.00052084 -3.3792
0.000525 -3.1992
0.00052917 -3.7735
0.00053334 -3.6669
0.0005375 -3.5132
0.00054167 -3.766
0.00054584 -4.0249
0.00055 -3.8385
0.00055417 -4.3945
0.00055834 -4.2764
0.0005625 -4.1198
0.00056667 -4.3504
0.00057084 -4.5803
0.000575 -4.3947
0.00057917 -4.9201
0.00058334 -4.7888
0.0005875 -4.6283
0.00059167 -4.8384
0.00059584 -5.0415
0.0006 -4.8602
0.00060417 -5.3396
0.00060834 -5.1932
0.0006125 -5.0367
0.00061667 -5.2132
0.00062084 -5.3772
0.00062501 -5.2065
0.00062917 -5.6292
0.00063334 -5.4753
0.00063751 -5.3276
0.00064167 -5.4625
0.00064584 -5.5848
0.00065001 -5.4279
0.00065417 -5.7891
0.00065834 -5.6203
0.00066251 -5.4838
0.00066667 -5.575
0.00067084 -5.6506
0.00067501 -5.5119
0.00067917 -5.7973
0.00068334 -5.6278
0.00068751 -5.5058
0.00069167 -5.5471
0.00069584 -5.5824
0.00070001 -5.4651
0.00070417 -5.6377
0.00070834 -5.4893
0.00071251 -5.3861
0.00071667 -5.3823
0.00072084 -5.3632
0.00072501 -5.2686
0.00072917 -5.305
0.00073334 -5.2145
0.00073751 -5.1315
0.00074167 -5.041
0.00074584 -5.0122
0.00075001 -4.9446
0.00075417 -4.8361
0.00075834 -4.8009
0.00076251 -4.7438
0.00076667 -4.5695
0.00077084 -4.5436
0.00077501 -4.5023
0.00077917 -4.3212
0.00078334 -4.2626
0.00078751 -4.233
0.00079167 -3.9868
0.00079584 -3.9433
0.00080001 -3.9276
0.00080417 -3.6923
0.00080834 -3.5857
0.00081251 -3.5889
0.00081667 -3.2316
0.00082084 -3.2207
0.00082501 -3.234
0.00082917 -2.9711
0.00083334 -2.8089
0.00083751 -2.8433
0.00084167 -2.4032
0.00084584 -2.3966
0.00085001 -2.4389
0.00085417 -2.1534
0.00085834 -1.9459
0.00086251 -2.0142
0.00086667 -1.5084
0.00087084 -1.507
0.00087501 -1.5773
0.00087917 -1.2906
0.00088334 -1.0251
0.00088751 -1.1265
0.00089167 -0.57247
0.00089584 -0.57652
0.00090001 -0.67222
0.00090417 -0.40528
0.00090834 -0.10669
0.00091251 -0.23183
0.00091667 0.29429
0.00092084 0.2795
0.00092501 0.17278
0.00092917 0.42422
0.00093334 0.68977
0.00093751 0.56118
0.00094167 1.1114
0.00094584 1.0617
0.00095001 0.94659
0.00095417 1.219
0.00095834 1.4848
0.00096251 1.3379
0.00096667 1.9176
0.00097084 1.844
0.00097501 1.7148
0.00097917 1.999
0.00098334 2.2654
0.00098751 2.1023
0.00099167 2.6902
0.00099584 2.6029
0.001 2.461
0.0010042 2.7405
0.0010083 3.0107
0.0010125 2.8345
0.0010167 3.425
0.0010208 3.3197
0.001025 3.1676
0.0010292 3.4372
0.0010333 3.6972
0.0010375 3.5123
0.0010417 4.089
0.0010458 3.9766
0.00105 3.8171
0.0010542 4.0737
0.0010583 4.3082
0.0010625 4.1205
0.0010667 4.6713
0.0010708 4.5415
0.001075 4.3802
0.0010792 4.6165
0.0010833 4.8241
0.0010875 4.6379
0.0010917 5.1551
0.0010958 5.0106
0.0011 4.8508
0.0011042 5.0618
0.0011083 5.2293
0.0011125 5.0506
0.0011167 5.5176
0.0011208 5.3611
0.001125 5.2057
0.0011292 5.3793
0.0011333 5.5037
0.0011375 5.3367
0.0011417 5.7378
0.0011458 5.5725
0.00115 5.4273
0.0011542 5.5693
0.0011583 5.6398
0.0011625 5.4894
0.0011667 5.8186
0.0011708 5.6483
0.001175 5.5161
0.0011792 5.6198
0.0011833 5.6381
0.0011875 5.5079
0.0011917 5.7687
0.0011958 5.5828
0.0012 5.4661
0.0012042 5.5297
0.0012083 5.4873
0.0012125 5.3811
0.0012167 5.5236
0.0012208 5.3676
0.001225 5.2721
0.0012292 5.2751
0.0012333 5.1924
0.0012375 5.1103
0.0012417 5.1248
0.0012458 5.006
0.00125 4.9345
0.0012542 4.8406
0.0012583 4.7807
0.0012625 4.7238
0.0012667 4.6199
0.0012708 4.5311
0.001275 4.4847
0.0012792 4.2177
0.0012833 4.2327
0.0012875 4.2028
0.0012917 3.9886
0.0012958  3.91
0.0013 3.8953
0.0013042 3.6031
0.0013083 3.5579
0.0013125 3.5564
0.0013167 3.3076
0.0013208 3.1735
0.001325 3.1918
0.0013292 2.7807
0.0013333 2.779
0.0013375 2.8065
0.0013417 2.527
0.0013458 2.3447
0.00135 2.397
0.0013542 1.9137
0.0013583 1.9169
0.0013625 1.9726
0.0013667 1.6762
0.0013708 1.4488
0.001375 1.533
0.0013792 0.99557
0.0013833 1.0038
0.0013875 1.0866
0.0013917 0.80538
0.0013958 0.52173
0.0014 0.63515
0.0014042 0.088822
0.0014083 0.093481
0.0014125 0.19833
0.0014167 -0.04257
0.0014208 -0.3246
0.001425 -0.20202
0.0014292 -0.72777
0.0014333 -0.69915
0.0014375 -0.58924
0.0014417 -0.84095
0.0014458 -1.1136
0.00145 -0.97807
0.0014542 -1.5372
0.0014583 -1.4829
0.0014625 -1.3604
0.0014667 -1.6261
0.0014708 -1.9076
0.001475 -1.7535
0.0014792 -2.3304
0.0014833 -2.2537
0.0014875 -2.1185
0.0014917 -2.3864
0.0014958 -2.6691
0.0015 -2.498
0.0015042 -3.082
0.0015083 -2.9886
0.0015125 -2.8429
0.0015167 -3.1038
0.0015208 -3.3792
0.001525 -3.1992
0.0015292 -3.7735
0.0015333 -3.6669
0.0015375 -3.5132
0.0015417 -3.766
0.0015458 -4.0249
0.00155 -3.8385
0.0015542 -4.3945
0.0015583 -4.2764
0.0015625 -4.1198
0.0015667 -4.3504
0.0015708 -4.5803
0.001575 -4.3947
0.0015792 -4.9201
0.0015833 -4.7888
0.0015875 -4.6283
0.0015917 -4.8384
0.0015958 -5.0415
0.0016 -4.8602
0.0016042 -5.3396
0.0016083 -5.1932
0.0016125 -5.0367
0.0016167 -5.2132
0.0016208 -5.3772
0.001625 -5.2065
0.0016292 -5.6292
0.0016333 -5.4753
0.0016375 -5.3276
0.0016417 -5.4625
0.0016458 -5.5848
0.00165 -5.4279
0.0016542 -5.7891
0.0016583 -5.6203
0.0016625 -5.4838
0.0016667 -5.575
0.0016708 -5.6506
0.001675 -5.5119
0.0016792 -5.7973
0.0016833 -5.6278
0.0016875 -5.5058
0.0016917 -5.5471
0.0016958 -5.5824
0.0017 -5.4651
0.0017042 -5.6377
0.0017083 -5.4893
0.0017125 -5.3861
0.0017167 -5.3823
0.0017208 -5.3632
0.001725 -5.2686
0.0017292 -5.305
0.0017333 -5.2145
0.0017375 -5.1315
0.0017417 -5.041
0.0017458 -5.0122
0.00175 -4.9446
0.0017542 -4.8361
0.0017583 -4.8009
0.0017625 -4.7438
0.0017667 -4.5695
0.0017708 -4.5436
0.001775 -4.5023
0.0017792 -4.3212
0.0017833 -4.2626
0.0017875 -4.233
0.0017917 -3.9868
0.0017958 -3.9433
0.0018 -3.9276
0.0018042 -3.6923
0.0018083 -3.5857
0.0018125 -3.5889
0.0018167 -3.2316
0.0018208 -3.2207
0.001825 -3.234
0.0018292 -2.9711
0.0018333 -2.8089
0.0018375 -2.8433
0.0018417 -2.4032
0.0018458 -2.3966
0.00185 -2.4389
0.0018542 -2.1534
0.0018583 -1.9459
0.0018625 -2.0142
0.0018667 -1.5084
0.0018708 -1.507
0.001875 -1.5773
0.0018792 -1.2906
0.0018833 -1.0251
0.0018875 -1.1265
0.0018917 -0.57247
0.0018958 -0.57652
0.0019 -0.67222
0.0019042 -0.40528
0.0019083 -0.10669
0.0019125 -0.23183
0.0019167 0.29429
0.0019208 0.2795
0.001925 0.17278
0.0019292 0.42422
0.0019333 0.68977
0.0019375 0.56118
0.0019417 1.1114
0.0019458 1.0617
0.00195 0.94659
0.0019542 1.219
0.0019583 1.4848
0.0019625 1.3379
0.0019667 1.9176
0.0019708 1.844
0.001975 1.7148
0.0019792 1.999
0.0019833 2.2654
0.0019875 2.1023
0.0019917 2.6902
0.0019958 2.6029
0.002 2.461
0.0020042 2.7405
0.0020083 3.0107
0.0020125 2.8345
0.0020167 3.425
0.0020208 3.3197
0.002025 3.1676
0.0020292 3.4372
0.0020333 3.6972
0.0020375 3.5123
0.0020417 4.089
0.0020458 3.9766
0.00205 3.8171
0.0020542 4.0737
0.0020583 4.3082
0.0020625 4.1205
0.0020667 4.6713
0.0020708 4.5415
0.002075 4.3802
0.0020792 4.6165
0.0020834 4.8241
0.0020875 4.6379
0.0020917 5.1551
0.0020959 5.0106
0.0021 4.8508
0.0021042 5.0618
0.0021084 5.2293
0.0021125 5.0506
0.0021167 5.5176
0.0021209 5.3611
0.002125 5.2057
0.0021292 5.3793
0.0021334 5.5037
0.0021375 5.3367
0.0021417 5.7378
0.0021459 5.5725
0.00215 5.4273
0.0021542 5.5693
0.0021584 5.6398
0.0021625 5.4894
0.0021667 5.8186
0.0021709 5.6483
0.002175 5.5161
0.0021792 5.6198
0.0021834 5.6381
0.0021875 5.5079
0.0021917 5.7687
0.0021959 5.5828
0.0022 5.4661
0.0022042 5.5297
0.0022084 5.4873
0.0022125 5.3811
0.0022167 5.5236
0.0022209 5.3676
0.002225 5.2721
0.0022292 5.2751
0.0022334 5.1924
0.0022375 5.1103
0.0022417 5.1248
0.0022459 5.006
0.00225 4.9345
0.0022542 4.8406
0.0022584 4.7807
0.0022625 4.7238
0.0022667 4.6199
0.0022709 4.5311
0.002275 4.4847
0.0022792 4.2177
0.0022834 4.2327
0.0022875 4.2028
0.0022917 3.9886
0.0022959  3.91
0.0023 3.8953
0.0023042 3.6031
0.0023084 3.5579
0.0023125 3.5564
0.0023167 3.3076
0.0023209 3.1735
0.002325 3.1918
0.0023292 2.7807
0.0023334 2.779
0.0023375 2.8065
0.0023417 2.527
0.0023459 2.3447
0.00235 2.397
0.0023542 1.9137
0.0023584 1.9169
0.0023625 1.9726
0.0023667 1.6762
0.0023709 1.4488
0.002375 1.533
0.0023792 0.99557
0.0023834 1.0038
0.0023875 1.0866
0.0023917 0.80538
0.0023959 0.52173
0.0024 0.63515
0.0024042 0.088822
0.0024084 0.093481
0.0024125 0.19833
0.0024167 -0.04257
0.0024209 -0.3246
0.002425 -0.20202
0.0024292 -0.72777
0.0024334 -0.69915
0.0024375 -0.58924
0.0024417 -0.84095
0.0024459 -1.1136
0.00245 -0.97807
0.0024542 -1.5372
0.0024584 -1.4829
0.0024625 -1.3604
0.0024667 -1.6261
0.0024709 -1.9076
0.002475 -1.7535
0.0024792 -2.3304
0.0024834 -2.2537
0.0024875 -2.1185
0.0024917 -2.3864
0.0024959 -2.6691
0.0025 -2.498
0.0025042 -3.082
0.0025084 -2.9886
0.0025125 -2.8429
0.0025167 -3.1038
0.0025209 -3.3792
0.002525 -3.1992
0.0025292 -3.7735
0.0025334 -3.6669
0.0025375 -3.5132
0.0025417 -3.766
0.0025459 -4.0249
0.00255 -3.8385
0.0025542 -4.3945
0.0025584 -4.2764
0.0025625 -4.1198
0.0025667 -4.3504
0.0025709 -4.5803
0.002575 -4.3947
0.0025792 -4.9201
0.0025834 -4.7888
0.0025875 -4.6283
0.0025917 -4.8384
0.0025959 -5.0415
0.0026 -4.8602
0.0026042 -5.3396
0.0026084 -5.1932
0.0026125 -5.0367
0.0026167 -5.2132
0.0026209 -5.3772
0.002625 -5.2065
0.0026292 -5.6292
0.0026334 -5.4753
0.0026375 -5.3276
0.0026417 -5.4625
0.0026459 -5.5848
0.00265 -5.4279
0.0026542 -5.7891
0.0026584 -5.6203
0.0026625 -5.4838
0.0026667 -5.575
0.0026709 -5.6506
0.002675 -5.5119
0.0026792 -5.7973
0.0026834 -5.6278
0.0026875 -5.5058
0.0026917 -5.5471
0.0026959 -5.5824
0.0027 -5.4651
0.0027042 -5.6377
0.0027084 -5.4893
0.0027125 -5.3861
0.0027167 -5.3823
0.0027209 -5.3632
0.002725 -5.2686
0.0027292 -5.305
0.0027334 -5.2145
0.0027375 -5.1315
0.0027417 -5.041
0.0027459 -5.0122
0.00275 -4.9446
0.0027542 -4.8361
0.0027584 -4.8009
0.0027625 -4.7438
0.0027667 -4.5695
0.0027709 -4.5436
0.002775 -4.5023
0.0027792 -4.3212
0.0027834 -4.2626
0.0027875 -4.233
0.0027917 -3.9868
0.0027959 -3.9433
0.0028 -3.9276
0.0028042 -3.6923
0.0028084 -3.5857
0.0028125 -3.5889
0.0028167 -3.2316
0.0028209 -3.2207
0.002825 -3.234
0.0028292 -2.9711
0.0028334 -2.8089
0.0028375 -2.8433
0.0028417 -2.4032
0.0028459 -2.3966
0.00285 -2.4389
0.0028542 -2.1534
0.0028584 -1.9459
0.0028625 -2.0142
0.0028667 -1.5084
0.0028709 -1.507
0.002875 -1.5773
0.0028792 -1.2906
0.0028834 -1.0251
0.0028875 -1.1265
0.0028917 -0.57247
0.0028959 -0.57652
0.0029 -0.67222
0.0029042 -0.40528
0.0029084 -0.10669
0.0029125 -0.23183
0.0029167 0.29429
0.0029209 0.2795
0.002925 0.17278
0.0029292 0.42422
0.0029334 0.68977
0.0029375 0.56118
0.0029417 1.1114
0.0029459 1.0617
0.00295 0.94659
0.0029542 1.219
0.0029584 1.4848
0.0029625 1.3379
0.0029667 1.9176
0.0029709 1.844
0.002975 1.7148
0.0029792 1.999
0.0029834 2.2654
0.0029875 2.1023
0.0029917 2.6902
0.0029959 2.6029
0.003 2.461
0.0030042 2.7405
0.0030084 3.0107
0.0030125 2.8345
0.0030167 3.425
0.0030209 3.3197
0.003025 3.1676
0.0030292 3.4372
0.0030334 3.6972
0.0030375 3.5123
0.0030417 4.089
0.0030459 3.9766
0.00305 3.8171
0.0030542 4.0737
0.0030584 4.3082
0.0030625 4.1205
0.0030667 4.6713
0.0030709 4.5415
0.003075 4.3802
0.0030792 4.6165
0.0030834 4.8241
0.0030875 4.6379
0.0030917 5.1551
0.0030959 5.0106
0.0031 4.8508
0.0031042 5.0618
0.0031084 5.2293
0.0031125 5.0506
0.0031167 5.5176
0.0031209 5.3611
0.003125 5.2057
0.0031292 5.3793
0.0031334 5.5037
0.0031375 5.3367
0.0031417 5.7378
0.0031459 5.5725
0.00315 5.4273
0.0031542 5.5693
0.0031584 5.6398
0.0031625 5.4894
0.0031667 5.8186
0.0031709 5.6483
0.003175 5.5161
0.0031792 5.6198
0.0031834 5.6381
0.0031875 5.5079
0.0031917 5.7687
0.0031959 5.5828
0.0032 5.4661
0.0032042 5.5297
0.0032084 5.4873
0.0032125 5.3811
0.0032167 5.5236
0.0032209 5.3676
0.003225 5.2721
0.0032292 5.2751
0.0032334 5.1924
0.0032375 5.1103
0.0032417 5.1248
0.0032459 5.006
0.00325 4.9345
0.0032542 4.8406
0.0032584 4.7807
0.0032625 4.7238
0.0032667 4.6199
0.0032709 4.5311
0.003275 4.4847
0.0032792 4.2177
0.0032834 4.2327
0.0032875 4.2028
0.0032917 3.9886
0.0032959  3.91
0.0033 3.8953
0.0033042 3.6031
0.0033084 3.5579
0.0033125 3.5564
0.0033167 3.3076
0.0033209 3.1735
0.003325 3.1918
0.0033292 2.7807
0.0033334 2.779
0.0033375 2.8065
0.0033417 2.527
0.0033459 2.3447
0.00335 2.397
0.0033542 1.9137
0.0033584 1.9169
0.0033625 1.9726
0.0033667 1.6762
0.0033709 1.4488
0.003375 1.533
0.0033792 0.99557
0.0033834 1.0038
0.0033875 1.0866
0.0033917 0.80538
0.0033959 0.52173
0.0034 0.63515
0.0034042 0.088822
0.0034084 0.093481
0.0034125 0.19833
0.0034167 -0.04257
0.0034209 -0.3246
0.003425 -0.20202
0.0034292 -0.72777
0.0034334 -0.69915
0.0034375 -0.58924
0.0034417 -0.84095
0.0034459 -1.1136
0.00345 -0.97807
0.0034542 -1.5372
0.0034584 -1.4829
0.0034625 -1.3604
0.0034667 -1.6261
0.0034709 -1.9076
0.003475 -1.7535
0.0034792 -2.3304
0.0034834 -2.2537
0.0034875 -2.1185
0.0034917 -2.3864
0.0034959 -2.6691
0.0035 -2.498
0.0035042 -3.082
0.0035084 -2.9886
0.0035125 -2.8429
0.0035167 -3.1038
0.0035209 -3.3792
0.003525 -3.1992
0.0035292 -3.7735
0.0035334 -3.6669
0.0035375 -3.5132
0.0035417 -3.766
0.0035459 -4.0249
0.00355 -3.8385
0.0035542 -4.3945
0.0035584 -4.2764
0.0035625 -4.1198
0.0035667 -4.3504
0.0035709 -4.5803
0.003575 -4.3947
0.0035792 -4.9201
0.0035834 -4.7888
0.0035875 -4.6283
0.0035917 -4.8384
0.0035959 -5.0415
0.0036 -4.8602
0.0036042 -5.3396
0.0036084 -5.1932
0.0036125 -5.0367
0.0036167 -5.2132
0.0036209 -5.3772
0.003625 -5.2065
0.0036292 -5.6292
0.0036334 -5.4753
0.0036375 -5.3276
0.0036417 -5.4625
0.0036459 -5.5848
0.00365 -5.4279
0.0036542 -5.7891
0.0036584 -5.6203
0.0036625 -5.4838
0.0036667 -5.575
0.0036709 -5.6506
0.003675 -5.5119
0.0036792 -5.7973
0.0036834 -5.6278
0.0036875 -5.5058
0.0036917 -5.5471
0.0036959 -5.5824
0.0037 -5.4651
0.0037042 -5.6377
0.0037084 -5.4893
0.0037125 -5.3861
0.0037167 -5.3823
0.0037209 -5.3632
0.003725 -5.2686
0.0037292 -5.305
0.0037334 -5.2145
0.0037375 -5.1315
0.0037417 -5.041
0.0037459 -5.0122
0.00375 -4.9446
0.0037542 -4.8361
0.0037584 -4.8009
0.0037625 -4.7438
0.0037667 -4.5695
0.0037709 -4.5436
0.003775 -4.5023
0.0037792 -4.3212
0.0037834 -4.2626
0.0037875 -4.233
0.0037917 -3.9868
0.0037959 -3.9433
0.0038 -3.9276
0.0038042 -3.6923
0.0038084 -3.5857
0.0038125 -3.5889
0.0038167 -3.2316
0.0038209 -3.2207
0.003825 -3.234
0.0038292 -2.9711
0.0038334 -2.8089
0.0038375 -2.8433
0.0038417 -2.4032
0.0038459 -2.3966
0.00385 -2.4389
0.0038542 -2.1534
0.0038584 -1.9459
0.0038625 -2.0142
0.0038667 -1.5084
0.0038709 -1.507
0.003875 -1.5773
0.0038792 -1.2906
0.0038834 -1.0251
0.0038875 -1.1265
0.0038917 -0.57247
0.0038959 -0.57652
0.0039 -0.67222
0.0039042 -0.40528
0.0039084 -0.10669
0.0039125 -0.23183
0.0039167 0.29429
0.0039209 0.2795
0.003925 0.17278
0.0039292 0.42422
0.0039334 0.68977
0.0039375 0.56118
0.0039417 1.1114
0.0039459 1.0617
0.00395 0.94659
0.0039542 1.219
0.0039584 1.4848
0.0039625 1.3379
0.0039667 1.9176
0.0039709 1.844
0.003975 1.7148
0.0039792 1.999
0.0039834 2.2654
0.0039875 2.1023
0.0039917 2.6902
0.0039959 2.6029
0.004 2.461
0.0040042 2.7405
0.0040084 3.0107
0.0040125 2.8345
0.0040167 3.425
0.0040209 3.3197
0.004025 3.1676
0.0040292 3.4372
0.0040334 3.6972
0.0040375 3.5123
0.0040417 4.089
0.0040459 3.9766
0.00405 3.8171
0.0040542 4.0737
0.0040584 4.3082
0.0040625 4.1205
0.0040667 4.6713
0.0040709 4.5415
0.004075 4.3802
0.0040792 4.6165
0.0040834 4.8241
0.0040875 4.6379
0.0040917 5.1551
0.0040959 5.0106
0.0041 4.8508
0.0041042 5.0618
0.0041084 5.2293
0.0041125 5.0506
0.0041167 5.5176
0.0041209 5.3611
0.004125 5.2057
0.0041292 5.3793
0.0041334 5.5037
0.0041375 5.3367
0.0041417 5.7378
0.0041459 5.5725
0.00415 5.4273
0.0041542 5.5693
0.0041584 5.6398
0.0041625 5.4894
0.0041667 5.8186
0.0041709 5.6483
0.004175 5.5161
0.0041792 5.6198
0.0041834 5.6381
0.0041875 5.5079
0.0041917 5.7687
0.0041959 5.5828
0.0042 5.4661
0.0042042 5.5297
0.0042084 5.4873
0.0042125 5.3811
0.0042167 5.5236
0.0042209 5.3676
0.004225 5.2721
0.0042292 5.2751
0.0042334 5.1924
0.0042375 5.1103
0.0042417 5.1248
0.0042459 5.006
0.00425 4.9345
0.0042542 4.8406
0.0042584 4.7807
0.0042625 4.7238
0.0042667 4.6199
0.0042709 4.5311
0.004275 4.4847
0.0042792 4.2177
0.0042834 4.2327
0.0042875 4.2028
0.0042917 3.9886
0.0042959  3.91
0.0043 3.8953
0.0043042 3.6031
0.0043084 3.5579
0.0043125 3.5564
0.0043167 3.3076
0.0043209 3.1735
0.004325 3.1918
0.0043292 2.7807
0.0043334 2.779
0.0043375 2.8065
0.0043417 2.527
0.0043459 2.3447
0.00435 2.397
0.0043542 1.9137
0.0043584 1.9169
0.0043625 1.9726
0.0043667 1.6762
0.0043709 1.4488
0.004375 1.533
0.0043792 0.99557
0.0043834 1.0038
0.0043875 1.0866
0.0043917 0.80538
0.0043959 0.52173
0.0044 0.63515
0.0044042 0.088822
0.0044084 0.093481
0.0044125 0.19833
0.0044167 -0.04257
0.0044209 -0.3246
0.004425 -0.20202
0.0044292 -0.72777
0.0044334 -0.69915
0.0044375 -0.58924
0.0044417 -0.84095
0.0044459 -1.1136
0.00445 -0.97807
0.0044542 -1.5372
0.0044584 -1.4829
0.0044625 -1.3604
0.0044667 -1.6261
0.0044709 -1.9076
0.004475 -1.7535
0.0044792 -2.3304
0.0044834 -2.2537
0.0044875 -2.1185
0.0044917 -2.3864
0.0044959 -2.6691
0.0045 -2.498
0.0045042 -3.082
0.0045084 -2.9886
0.0045125 -2.8429
0.0045167 -3.1038
0.0045209 -3.3792
0.004525 -3.1992
0.0045292 -3.7735
0.0045334 -3.6669
0.0045375 -3.5132
0.0045417 -3.766
0.0045459 -4.0249
0.00455 -3.8385
0.0045542 -4.3945
0.0045584 -4.2764
0.0045625 -4.1198
0.0045667 -4.3504
0.0045709 -4.5803
0.004575 -4.3947
0.0045792 -4.9201
0.0045834 -4.7888
0.0045875 -4.6283
0.0045917 -4.8384
0.0045959 -5.0415
0.0046 -4.8602
0.0046042 -5.3396
0.0046084 -5.1932
0.0046125 -5.0367
0.0046167 -5.2132
0.0046209 -5.3772
0.004625 -5.2065
0.0046292 -5.6292
0.0046334 -5.4753
0.0046375 -5.3276
0.0046417 -5.4625
0.0046459 -5.5848
0.00465 -5.4279
0.0046542 -5.7891
0.0046584 -5.6203
0.0046625 -5.4838
0.0046667 -5.575
0.0046709 -5.6506
0.004675 -5.5119
0.0046792 -5.7973
0.0046834 -5.6278
0.0046875 -5.5058
0.0046917 -5.5471
0.0046959 -5.5824
0.0047 -5.4651
0.0047042 -5.6377
0.0047084 -5.4893
0.0047125 -5.3861
0.0047167 -5.3823
0.0047209 -5.3632
0.004725 -5.2686
0.0047292 -5.305
0.0047334 -5.2145
0.0047375 -5.1315
0.0047417 -5.041
0.0047459 -5.0122
0.00475 -4.9446
0.0047542 -4.8361
0.0047584 -4.8009
0.0047625 -4.7438
0.0047667 -4.5695
0.0047709 -4.5436
0.004775 -4.5023
0.0047792 -4.3212
0.0047834 -4.2626
0.0047875 -4.233
0.0047917 -3.9868
0.0047959 -3.9433
0.0048 -3.9276
0.0048042 -3.6923
0.0048084 -3.5857
0.0048125 -3.5889
0.0048167 -3.2316
0.0048209 -3.2207
0.004825 -3.234
0.0048292 -2.9711
0.0048334 -2.8089
0.0048375 -2.8433
0.0048417 -2.4032
0.0048459 -2.3966
0.00485 -2.4389
0.0048542 -2.1534
0.0048584 -1.9459
0.0048625 -2.0142
0.0048667 -1.5084
0.0048709 -1.507
0.004875 -1.5773
0.0048792 -1.2906
0.0048834 -1.0251
0.0048875 -1.1265
0.0048917 -0.57247
0.0048959 -0.57652
0.0049 -0.67222
0.0049042 -0.40528
0.0049084 -0.10669
0.0049125 -0.23183
0.0049167 0.29429
0.0049209 0.2795
0.004925 0.17278
0.0049292 0.42422
0.0049334 0.68977
0.0049375 0.56118
0.0049417 1.1114
0.0049459 1.0617
0.00495 0.94659
0.0049542 1.219
0.0049584 1.4848
0.0049625 1.3379
0.0049667 1.9176
0.0049709 1.844
0.004975 1.7148
0.0049792 1.999
0.0049834 2.2654
0.0049875 2.1023
0.0049917 2.6902
0.0049959 2.6029
