    0 6.008
4.1667e-06 6.0035
8.3334e-06 6.0021
1.25e-05 6.0155
1.6667e-05 6.0273
2.0834e-05 6.0256
2.5e-05 6.0134
2.9167e-05 6.0041
3.3334e-05 6.0012
3.75e-05 5.9862
4.1667e-05 5.9518
4.5834e-05 5.9368
5e-05 5.8931
5.4167e-05 5.8793
5.8334e-05 5.8777
6.2501e-05 5.8116
6.6667e-05 5.7522
7.0834e-05 5.7116
7.5001e-05 5.5979
7.9167e-05 5.573
8.3334e-05 5.5706
8.7501e-05 5.4824
9.1667e-05 5.3837
9.5834e-05 5.3328
0.0001 5.139
0.00010417 5.098
0.00010833 5.0989
0.0001125 4.9101
0.00011667 4.7869
0.00012083 4.7374
0.000125 4.5152
0.00012917 4.4802
0.00013333 4.4788
0.0001375 4.2873
0.00014167 4.158
0.00014583 4.1169
0.00015 3.8312
0.00015417 3.787
0.00015833 3.7864
0.0001625 3.4845
0.00016667 3.3296
0.00017083 3.298
0.000175 2.9165
0.00017917 2.873
0.00018333 2.8729
0.0001875 2.5555
0.00019167 2.4163
0.00019583 2.4079
0.0002 1.972
0.00020417 1.9305
0.00020834 1.9291
0.0002125 1.5527
0.00021667 1.4135
0.00022084 1.415
0.000225 0.96641
0.00022917 0.93648
0.00023334 0.93814
0.0002375 0.5041
0.00024167 0.38231
0.00024584 0.38318
0.00025 -0.072413
0.00025417 -0.13173
0.00025834 -0.13169
0.0002625 -0.49407
0.00026667 -0.57078
0.00027084 -0.56879
0.000275 -1.0375
0.00027917 -1.1351
0.00028334 -1.1322
0.0002875 -1.5971
0.00029167 -1.6727
0.00029584 -1.672
0.0003 -2.12
0.00030417 -2.2571
0.00030834 -2.2557
0.0003125 -2.7159
0.00031667 -2.8141
0.00032084 -2.8097
0.000325 -3.1489
0.00032917 -3.2902
0.00033334 -3.3033
0.0003375 -3.7565
0.00034167 -3.8216
0.00034584 -3.8214
0.00035 -4.1036
0.00035417 -4.2529
0.00035834 -4.2924
0.0003625 -4.6357
0.00036667 -4.6851
0.00037084 -4.6822
0.000375 -4.8756
0.00037917 -5.0582
0.00038334 -5.1006
0.0003875 -5.3595
0.00039167 -5.4217
0.00039584 -5.4194
0.0004 -5.4411
0.00040417 -5.5783
0.00040834 -5.5623
0.0004125 -5.5134
0.00041667 -5.5156
0.00042084 -5.5091
0.000425 -5.4497
0.00042917 -5.3888
0.00043334 -5.4127
0.0004375 -5.4598
0.00044167 -5.4192
0.00044584 -5.4169
0.00045 -5.5282
0.00045417 -5.5857
0.00045834 -5.6267
0.0004625 -5.7389
0.00046667 -5.7294
0.00047084 -5.7298
0.000475 -5.8473
0.00047917 -5.9002
0.00048334 -5.9157
0.0004875 -5.9609
0.00049167 -5.9626
0.00049584 -5.9609
0.0005 -5.9795
0.00050417 -6.014
0.00050834 -6.0306
0.0005125 -6.0568
0.00051667 -6.0468
0.00052084 -6.0428
0.000525 -6.039
0.00052917 -6.0326
0.00053334 -6.0197
0.0005375 -5.9879
0.00054167 -5.9776
0.00054584 -5.975
0.00055 -5.9449
0.00055417 -5.8882
0.00055834 -5.8652
0.0005625 -5.779
0.00056667 -5.7505
0.00057084 -5.7472
0.000575 -5.6439
0.00057917 -5.5675
0.00058334 -5.5296
0.0005875 -5.3991
0.00059167 -5.3743
0.00059584 -5.3714
0.0006 -5.2294
0.00060417 -5.1109
0.00060834 -5.0628
0.0006125 -4.8387
0.00061667 -4.7942
0.00062084 -4.7927
0.00062501 -4.5938
0.00062917 -4.4682
0.00063334 -4.4243
0.00063751 -4.1562
0.00064167 -4.1191
0.00064584 -4.1196
0.00065001 -3.8845
0.00065417 -3.7475
0.00065834 -3.7175
0.00066251 -3.4039
0.00066667 -3.3581
0.00067084 -3.3579
0.00067501 -3.0415
0.00067917 -2.8936
0.00068334 -2.8769
0.00068751 -2.4438
0.00069167 -2.3997
0.00069584 -2.3989
0.00070001 -2.0243
0.00070417 -1.8868
0.00070834 -1.8901
0.00071251 -1.4246
0.00071667 -1.3865
0.00072084 -1.3866
0.00072501 -0.99289
0.00072917 -0.87871
0.00073334 -0.87939
0.00073751 -0.4333
0.00074167 -0.37732
0.00074584 -0.37948
0.00075001 -0.021169
0.00075417 0.059118
0.00075834 0.056976
0.00076251 0.47964
0.00076667 0.56082
0.00077084 0.55969
0.00077501 1.0539
0.00077917 1.1306
0.00078334 1.1293
0.00078751 1.5977
0.00079167 1.7285
0.00079584 1.7264
0.00080001 2.2211
0.00080417 2.2705
0.00080834 2.2679
0.00081251 2.6491
0.00081667 2.7981
0.00082084 2.8068
0.00082501 3.2424
0.00082917 3.2976
0.00083334 3.2966
0.00083751 3.6321
0.00084167 3.7887
0.00084584 3.8235
0.00085001 4.2084
0.00085417 4.2651
0.00085834 4.2605
0.00086251 4.5108
0.00086667 4.6872
0.00087084 4.7387
0.00087501 5.0453
0.00087917 5.0971
0.00088334 5.0952
0.00088751 5.2089
0.00089167 5.3726
0.00089584 5.3998
0.00090001 5.5482
0.00090417 5.6054
0.00090834 5.6017
0.00091251 5.5138
0.00091667 5.517
0.00092084 5.4974
0.00092501 5.4058
0.00092917 5.3653
0.00093334 5.3606
0.00093751 5.4324
0.00094167 5.4387
0.00094584 5.4874
0.00095001 5.6024
0.00095417 5.5813
0.00095834 5.5786
0.00096251 5.6872
0.00096667 5.7506
0.00097084 5.788
0.00097501 5.8705
0.00097917 5.8644
0.00098334 5.8612
0.00098751 5.9088
0.00099167 5.959
0.00099584 5.9746
0.001 6.008
0.0010042 6.0035
0.0010083 6.0021
0.0010125 6.0155
0.0010167 6.0273
0.0010208 6.0256
0.001025 6.0134
0.0010292 6.0041
0.0010333 6.0012
0.0010375 5.9862
0.0010417 5.9518
0.0010458 5.9368
0.00105 5.8931
0.0010542 5.8793
0.0010583 5.8777
0.0010625 5.8116
0.0010667 5.7522
0.0010708 5.7116
0.001075 5.5979
0.0010792 5.573
0.0010833 5.5706
0.0010875 5.4824
0.0010917 5.3837
0.0010958 5.3328
0.0011 5.139
0.0011042 5.098
0.0011083 5.0989
0.0011125 4.9101
0.0011167 4.7869
0.0011208 4.7374
0.001125 4.5152
0.0011292 4.4802
0.0011333 4.4788
0.0011375 4.2873
0.0011417 4.158
0.0011458 4.1169
0.00115 3.8312
0.0011542 3.787
0.0011583 3.7864
0.0011625 3.4845
0.0011667 3.3296
0.0011708 3.298
0.001175 2.9165
0.0011792 2.873
0.0011833 2.8729
0.0011875 2.5555
0.0011917 2.4163
0.0011958 2.4079
0.0012 1.972
0.0012042 1.9305
0.0012083 1.9291
0.0012125 1.5527
0.0012167 1.4135
0.0012208 1.415
0.001225 0.96641
0.0012292 0.93648
0.0012333 0.93814
0.0012375 0.5041
0.0012417 0.38231
0.0012458 0.38318
0.00125 -0.072413
0.0012542 -0.13173
0.0012583 -0.13169
0.0012625 -0.49407
0.0012667 -0.57078
0.0012708 -0.56879
0.001275 -1.0375
0.0012792 -1.1351
0.0012833 -1.1322
0.0012875 -1.5971
0.0012917 -1.6727
0.0012958 -1.672
0.0013 -2.12
0.0013042 -2.2571
0.0013083 -2.2557
0.0013125 -2.7159
0.0013167 -2.8141
0.0013208 -2.8097
0.001325 -3.1489
0.0013292 -3.2902
0.0013333 -3.3033
0.0013375 -3.7565
0.0013417 -3.8216
0.0013458 -3.8214
0.00135 -4.1036
0.0013542 -4.2529
0.0013583 -4.2924
0.0013625 -4.6357
0.0013667 -4.6851
0.0013708 -4.6822
0.001375 -4.8756
0.0013792 -5.0582
0.0013833 -5.1006
0.0013875 -5.3595
0.0013917 -5.4217
0.0013958 -5.4194
0.0014 -5.4411
0.0014042 -5.5783
0.0014083 -5.5623
0.0014125 -5.5134
0.0014167 -5.5156
0.0014208 -5.5091
0.001425 -5.4497
0.0014292 -5.3888
0.0014333 -5.4127
0.0014375 -5.4598
0.0014417 -5.4192
0.0014458 -5.4169
0.00145 -5.5282
0.0014542 -5.5857
0.0014583 -5.6267
0.0014625 -5.7389
0.0014667 -5.7294
0.0014708 -5.7298
0.001475 -5.8473
0.0014792 -5.9002
0.0014833 -5.9157
0.0014875 -5.9609
0.0014917 -5.9626
0.0014958 -5.9609
0.0015 -5.9795
0.0015042 -6.014
0.0015083 -6.0306
0.0015125 -6.0568
0.0015167 -6.0468
0.0015208 -6.0428
0.001525 -6.039
0.0015292 -6.0326
0.0015333 -6.0197
0.0015375 -5.9879
0.0015417 -5.9776
0.0015458 -5.975
0.00155 -5.9449
0.0015542 -5.8882
0.0015583 -5.8652
0.0015625 -5.779
0.0015667 -5.7505
0.0015708 -5.7472
0.001575 -5.6439
0.0015792 -5.5675
0.0015833 -5.5296
0.0015875 -5.3991
0.0015917 -5.3743
0.0015958 -5.3714
0.0016 -5.2294
0.0016042 -5.1109
0.0016083 -5.0628
0.0016125 -4.8387
0.0016167 -4.7942
0.0016208 -4.7927
0.001625 -4.5938
0.0016292 -4.4682
0.0016333 -4.4243
0.0016375 -4.1562
0.0016417 -4.1191
0.0016458 -4.1196
0.00165 -3.8845
0.0016542 -3.7475
0.0016583 -3.7175
0.0016625 -3.4039
0.0016667 -3.3581
0.0016708 -3.3579
0.001675 -3.0415
0.0016792 -2.8936
0.0016833 -2.8769
0.0016875 -2.4438
0.0016917 -2.3997
0.0016958 -2.3989
0.0017 -2.0243
0.0017042 -1.8868
0.0017083 -1.8901
0.0017125 -1.4246
0.0017167 -1.3865
0.0017208 -1.3866
0.001725 -0.99289
0.0017292 -0.87871
0.0017333 -0.87939
0.0017375 -0.4333
0.0017417 -0.37732
0.0017458 -0.37948
0.00175 -0.021169
0.0017542 0.059118
0.0017583 0.056976
0.0017625 0.47964
0.0017667 0.56082
0.0017708 0.55969
0.001775 1.0539
0.0017792 1.1306
0.0017833 1.1293
0.0017875 1.5977
0.0017917 1.7285
0.0017958 1.7264
0.0018 2.2211
0.0018042 2.2705
0.0018083 2.2679
0.0018125 2.6491
0.0018167 2.7981
0.0018208 2.8068
0.001825 3.2424
0.0018292 3.2976
0.0018333 3.2966
0.0018375 3.6321
0.0018417 3.7887
0.0018458 3.8235
0.00185 4.2084
0.0018542 4.2651
0.0018583 4.2605
0.0018625 4.5108
0.0018667 4.6872
0.0018708 4.7387
0.001875 5.0453
0.0018792 5.0971
0.0018833 5.0952
0.0018875 5.2089
0.0018917 5.3726
0.0018958 5.3998
0.0019 5.5482
0.0019042 5.6054
0.0019083 5.6017
0.0019125 5.5138
0.0019167 5.517
0.0019208 5.4974
0.001925 5.4058
0.0019292 5.3653
0.0019333 5.3606
0.0019375 5.4324
0.0019417 5.4387
0.0019458 5.4874
0.00195 5.6024
0.0019542 5.5813
0.0019583 5.5786
0.0019625 5.6872
0.0019667 5.7506
0.0019708 5.788
0.001975 5.8705
0.0019792 5.8644
0.0019833 5.8612
0.0019875 5.9088
0.0019917 5.959
0.0019958 5.9746
0.002 6.008
0.0020042 6.0035
0.0020083 6.0021
0.0020125 6.0155
0.0020167 6.0273
0.0020208 6.0256
0.002025 6.0134
0.0020292 6.0041
0.0020333 6.0012
0.0020375 5.9862
0.0020417 5.9518
0.0020458 5.9368
0.00205 5.8931
0.0020542 5.8793
0.0020583 5.8777
0.0020625 5.8116
0.0020667 5.7522
0.0020708 5.7116
0.002075 5.5979
0.0020792 5.573
0.0020834 5.5706
0.0020875 5.4824
0.0020917 5.3837
0.0020959 5.3328
0.0021 5.139
0.0021042 5.098
0.0021084 5.0989
0.0021125 4.9101
0.0021167 4.7869
0.0021209 4.7374
0.002125 4.5152
0.0021292 4.4802
0.0021334 4.4788
0.0021375 4.2873
0.0021417 4.158
0.0021459 4.1169
0.00215 3.8312
0.0021542 3.787
0.0021584 3.7864
0.0021625 3.4845
0.0021667 3.3296
0.0021709 3.298
0.002175 2.9165
0.0021792 2.873
0.0021834 2.8729
0.0021875 2.5555
0.0021917 2.4163
0.0021959 2.4079
0.0022 1.972
0.0022042 1.9305
0.0022084 1.9291
0.0022125 1.5527
0.0022167 1.4135
0.0022209 1.415
0.002225 0.96641
0.0022292 0.93648
0.0022334 0.93814
0.0022375 0.5041
0.0022417 0.38231
0.0022459 0.38318
0.00225 -0.072413
0.0022542 -0.13173
0.0022584 -0.13169
0.0022625 -0.49407
0.0022667 -0.57078
0.0022709 -0.56879
0.002275 -1.0375
0.0022792 -1.1351
0.0022834 -1.1322
0.0022875 -1.5971
0.0022917 -1.6727
0.0022959 -1.672
0.0023 -2.12
0.0023042 -2.2571
0.0023084 -2.2557
0.0023125 -2.7159
0.0023167 -2.8141
0.0023209 -2.8097
0.002325 -3.1489
0.0023292 -3.2902
0.0023334 -3.3033
0.0023375 -3.7565
0.0023417 -3.8216
0.0023459 -3.8214
0.00235 -4.1036
0.0023542 -4.2529
0.0023584 -4.2924
0.0023625 -4.6357
0.0023667 -4.6851
0.0023709 -4.6822
0.002375 -4.8756
0.0023792 -5.0582
0.0023834 -5.1006
0.0023875 -5.3595
0.0023917 -5.4217
0.0023959 -5.4194
0.0024 -5.4411
0.0024042 -5.5783
0.0024084 -5.5623
0.0024125 -5.5134
0.0024167 -5.5156
0.0024209 -5.5091
0.002425 -5.4497
0.0024292 -5.3888
0.0024334 -5.4127
0.0024375 -5.4598
0.0024417 -5.4192
0.0024459 -5.4169
0.00245 -5.5282
0.0024542 -5.5857
0.0024584 -5.6267
0.0024625 -5.7389
0.0024667 -5.7294
0.0024709 -5.7298
0.002475 -5.8473
0.0024792 -5.9002
0.0024834 -5.9157
0.0024875 -5.9609
0.0024917 -5.9626
0.0024959 -5.9609
0.0025 -5.9795
0.0025042 -6.014
0.0025084 -6.0306
0.0025125 -6.0568
0.0025167 -6.0468
0.0025209 -6.0428
0.002525 -6.039
0.0025292 -6.0326
0.0025334 -6.0197
0.0025375 -5.9879
0.0025417 -5.9776
0.0025459 -5.975
0.00255 -5.9449
0.0025542 -5.8882
0.0025584 -5.8652
0.0025625 -5.779
0.0025667 -5.7505
0.0025709 -5.7472
0.002575 -5.6439
0.0025792 -5.5675
0.0025834 -5.5296
0.0025875 -5.3991
0.0025917 -5.3743
0.0025959 -5.3714
0.0026 -5.2294
0.0026042 -5.1109
0.0026084 -5.0628
0.0026125 -4.8387
0.0026167 -4.7942
0.0026209 -4.7927
0.002625 -4.5938
0.0026292 -4.4682
0.0026334 -4.4243
0.0026375 -4.1562
0.0026417 -4.1191
0.0026459 -4.1196
0.00265 -3.8845
0.0026542 -3.7475
0.0026584 -3.7175
0.0026625 -3.4039
0.0026667 -3.3581
0.0026709 -3.3579
0.002675 -3.0415
0.0026792 -2.8936
0.0026834 -2.8769
0.0026875 -2.4438
0.0026917 -2.3997
0.0026959 -2.3989
0.0027 -2.0243
0.0027042 -1.8868
0.0027084 -1.8901
0.0027125 -1.4246
0.0027167 -1.3865
0.0027209 -1.3866
0.002725 -0.99289
0.0027292 -0.87871
0.0027334 -0.87939
0.0027375 -0.4333
0.0027417 -0.37732
0.0027459 -0.37948
0.00275 -0.021169
0.0027542 0.059118
0.0027584 0.056976
0.0027625 0.47964
0.0027667 0.56082
0.0027709 0.55969
0.002775 1.0539
0.0027792 1.1306
0.0027834 1.1293
0.0027875 1.5977
0.0027917 1.7285
0.0027959 1.7264
0.0028 2.2211
0.0028042 2.2705
0.0028084 2.2679
0.0028125 2.6491
0.0028167 2.7981
0.0028209 2.8068
0.002825 3.2424
0.0028292 3.2976
0.0028334 3.2966
0.0028375 3.6321
0.0028417 3.7887
0.0028459 3.8235
0.00285 4.2084
0.0028542 4.2651
0.0028584 4.2605
0.0028625 4.5108
0.0028667 4.6872
0.0028709 4.7387
0.002875 5.0453
0.0028792 5.0971
0.0028834 5.0952
0.0028875 5.2089
0.0028917 5.3726
0.0028959 5.3998
0.0029 5.5482
0.0029042 5.6054
0.0029084 5.6017
0.0029125 5.5138
0.0029167 5.517
0.0029209 5.4974
0.002925 5.4058
0.0029292 5.3653
0.0029334 5.3606
0.0029375 5.4324
0.0029417 5.4387
0.0029459 5.4874
0.00295 5.6024
0.0029542 5.5813
0.0029584 5.5786
0.0029625 5.6872
0.0029667 5.7506
0.0029709 5.788
0.002975 5.8705
0.0029792 5.8644
0.0029834 5.8612
0.0029875 5.9088
0.0029917 5.959
0.0029959 5.9746
0.003 6.008
0.0030042 6.0035
0.0030084 6.0021
0.0030125 6.0155
0.0030167 6.0273
0.0030209 6.0256
0.003025 6.0134
0.0030292 6.0041
0.0030334 6.0012
0.0030375 5.9862
0.0030417 5.9518
0.0030459 5.9368
0.00305 5.8931
0.0030542 5.8793
0.0030584 5.8777
0.0030625 5.8116
0.0030667 5.7522
0.0030709 5.7116
0.003075 5.5979
0.0030792 5.573
0.0030834 5.5706
0.0030875 5.4824
0.0030917 5.3837
0.0030959 5.3328
0.0031 5.139
0.0031042 5.098
0.0031084 5.0989
0.0031125 4.9101
0.0031167 4.7869
0.0031209 4.7374
0.003125 4.5152
0.0031292 4.4802
0.0031334 4.4788
0.0031375 4.2873
0.0031417 4.158
0.0031459 4.1169
0.00315 3.8312
0.0031542 3.787
0.0031584 3.7864
0.0031625 3.4845
0.0031667 3.3296
0.0031709 3.298
0.003175 2.9165
0.0031792 2.873
0.0031834 2.8729
0.0031875 2.5555
0.0031917 2.4163
0.0031959 2.4079
0.0032 1.972
0.0032042 1.9305
0.0032084 1.9291
0.0032125 1.5527
0.0032167 1.4135
0.0032209 1.415
0.003225 0.96641
0.0032292 0.93648
0.0032334 0.93814
0.0032375 0.5041
0.0032417 0.38231
0.0032459 0.38318
0.00325 -0.072413
0.0032542 -0.13173
0.0032584 -0.13169
0.0032625 -0.49407
0.0032667 -0.57078
0.0032709 -0.56879
0.003275 -1.0375
0.0032792 -1.1351
0.0032834 -1.1322
0.0032875 -1.5971
0.0032917 -1.6727
0.0032959 -1.672
0.0033 -2.12
0.0033042 -2.2571
0.0033084 -2.2557
0.0033125 -2.7159
0.0033167 -2.8141
0.0033209 -2.8097
0.003325 -3.1489
0.0033292 -3.2902
0.0033334 -3.3033
0.0033375 -3.7565
0.0033417 -3.8216
0.0033459 -3.8214
0.00335 -4.1036
0.0033542 -4.2529
0.0033584 -4.2924
0.0033625 -4.6357
0.0033667 -4.6851
0.0033709 -4.6822
0.003375 -4.8756
0.0033792 -5.0582
0.0033834 -5.1006
0.0033875 -5.3595
0.0033917 -5.4217
0.0033959 -5.4194
0.0034 -5.4411
0.0034042 -5.5783
0.0034084 -5.5623
0.0034125 -5.5134
0.0034167 -5.5156
0.0034209 -5.5091
0.003425 -5.4497
0.0034292 -5.3888
0.0034334 -5.4127
0.0034375 -5.4598
0.0034417 -5.4192
0.0034459 -5.4169
0.00345 -5.5282
0.0034542 -5.5857
0.0034584 -5.6267
0.0034625 -5.7389
0.0034667 -5.7294
0.0034709 -5.7298
0.003475 -5.8473
0.0034792 -5.9002
0.0034834 -5.9157
0.0034875 -5.9609
0.0034917 -5.9626
0.0034959 -5.9609
0.0035 -5.9795
0.0035042 -6.014
0.0035084 -6.0306
0.0035125 -6.0568
0.0035167 -6.0468
0.0035209 -6.0428
0.003525 -6.039
0.0035292 -6.0326
0.0035334 -6.0197
0.0035375 -5.9879
0.0035417 -5.9776
0.0035459 -5.975
0.00355 -5.9449
0.0035542 -5.8882
0.0035584 -5.8652
0.0035625 -5.779
0.0035667 -5.7505
0.0035709 -5.7472
0.003575 -5.6439
0.0035792 -5.5675
0.0035834 -5.5296
0.0035875 -5.3991
0.0035917 -5.3743
0.0035959 -5.3714
0.0036 -5.2294
0.0036042 -5.1109
0.0036084 -5.0628
0.0036125 -4.8387
0.0036167 -4.7942
0.0036209 -4.7927
0.003625 -4.5938
0.0036292 -4.4682
0.0036334 -4.4243
0.0036375 -4.1562
0.0036417 -4.1191
0.0036459 -4.1196
0.00365 -3.8845
0.0036542 -3.7475
0.0036584 -3.7175
0.0036625 -3.4039
0.0036667 -3.3581
0.0036709 -3.3579
0.003675 -3.0415
0.0036792 -2.8936
0.0036834 -2.8769
0.0036875 -2.4438
0.0036917 -2.3997
0.0036959 -2.3989
0.0037 -2.0243
0.0037042 -1.8868
0.0037084 -1.8901
0.0037125 -1.4246
0.0037167 -1.3865
0.0037209 -1.3866
0.003725 -0.99289
0.0037292 -0.87871
0.0037334 -0.87939
0.0037375 -0.4333
0.0037417 -0.37732
0.0037459 -0.37948
0.00375 -0.021169
0.0037542 0.059118
0.0037584 0.056976
0.0037625 0.47964
0.0037667 0.56082
0.0037709 0.55969
0.003775 1.0539
0.0037792 1.1306
0.0037834 1.1293
0.0037875 1.5977
0.0037917 1.7285
0.0037959 1.7264
0.0038 2.2211
0.0038042 2.2705
0.0038084 2.2679
0.0038125 2.6491
0.0038167 2.7981
0.0038209 2.8068
0.003825 3.2424
0.0038292 3.2976
0.0038334 3.2966
0.0038375 3.6321
0.0038417 3.7887
0.0038459 3.8235
0.00385 4.2084
0.0038542 4.2651
0.0038584 4.2605
0.0038625 4.5108
0.0038667 4.6872
0.0038709 4.7387
0.003875 5.0453
0.0038792 5.0971
0.0038834 5.0952
0.0038875 5.2089
0.0038917 5.3726
0.0038959 5.3998
0.0039 5.5482
0.0039042 5.6054
0.0039084 5.6017
0.0039125 5.5138
0.0039167 5.517
0.0039209 5.4974
0.003925 5.4058
0.0039292 5.3653
0.0039334 5.3606
0.0039375 5.4324
0.0039417 5.4387
0.0039459 5.4874
0.00395 5.6024
0.0039542 5.5813
0.0039584 5.5786
0.0039625 5.6872
0.0039667 5.7506
0.0039709 5.788
0.003975 5.8705
0.0039792 5.8644
0.0039834 5.8612
0.0039875 5.9088
0.0039917 5.959
0.0039959 5.9746
0.004 6.008
0.0040042 6.0035
0.0040084 6.0021
0.0040125 6.0155
0.0040167 6.0273
0.0040209 6.0256
0.004025 6.0134
0.0040292 6.0041
0.0040334 6.0012
0.0040375 5.9862
0.0040417 5.9518
0.0040459 5.9368
0.00405 5.8931
0.0040542 5.8793
0.0040584 5.8777
0.0040625 5.8116
0.0040667 5.7522
0.0040709 5.7116
0.004075 5.5979
0.0040792 5.573
0.0040834 5.5706
0.0040875 5.4824
0.0040917 5.3837
0.0040959 5.3328
0.0041 5.139
0.0041042 5.098
0.0041084 5.0989
0.0041125 4.9101
0.0041167 4.7869
0.0041209 4.7374
0.004125 4.5152
0.0041292 4.4802
0.0041334 4.4788
0.0041375 4.2873
0.0041417 4.158
0.0041459 4.1169
0.00415 3.8312
0.0041542 3.787
0.0041584 3.7864
0.0041625 3.4845
0.0041667 3.3296
0.0041709 3.298
0.004175 2.9165
0.0041792 2.873
0.0041834 2.8729
0.0041875 2.5555
0.0041917 2.4163
0.0041959 2.4079
0.0042 1.972
0.0042042 1.9305
0.0042084 1.9291
0.0042125 1.5527
0.0042167 1.4135
0.0042209 1.415
0.004225 0.96641
0.0042292 0.93648
0.0042334 0.93814
0.0042375 0.5041
0.0042417 0.38231
0.0042459 0.38318
0.00425 -0.072413
0.0042542 -0.13173
0.0042584 -0.13169
0.0042625 -0.49407
0.0042667 -0.57078
0.0042709 -0.56879
0.004275 -1.0375
0.0042792 -1.1351
0.0042834 -1.1322
0.0042875 -1.5971
0.0042917 -1.6727
0.0042959 -1.672
0.0043 -2.12
0.0043042 -2.2571
0.0043084 -2.2557
0.0043125 -2.7159
0.0043167 -2.8141
0.0043209 -2.8097
0.004325 -3.1489
0.0043292 -3.2902
0.0043334 -3.3033
0.0043375 -3.7565
0.0043417 -3.8216
0.0043459 -3.8214
0.00435 -4.1036
0.0043542 -4.2529
0.0043584 -4.2924
0.0043625 -4.6357
0.0043667 -4.6851
0.0043709 -4.6822
0.004375 -4.8756
0.0043792 -5.0582
0.0043834 -5.1006
0.0043875 -5.3595
0.0043917 -5.4217
0.0043959 -5.4194
0.0044 -5.4411
0.0044042 -5.5783
0.0044084 -5.5623
0.0044125 -5.5134
0.0044167 -5.5156
0.0044209 -5.5091
0.004425 -5.4497
0.0044292 -5.3888
0.0044334 -5.4127
0.0044375 -5.4598
0.0044417 -5.4192
0.0044459 -5.4169
0.00445 -5.5282
0.0044542 -5.5857
0.0044584 -5.6267
0.0044625 -5.7389
0.0044667 -5.7294
0.0044709 -5.7298
0.004475 -5.8473
0.0044792 -5.9002
0.0044834 -5.9157
0.0044875 -5.9609
0.0044917 -5.9626
0.0044959 -5.9609
0.0045 -5.9795
0.0045042 -6.014
0.0045084 -6.0306
0.0045125 -6.0568
0.0045167 -6.0468
0.0045209 -6.0428
0.004525 -6.039
0.0045292 -6.0326
0.0045334 -6.0197
0.0045375 -5.9879
0.0045417 -5.9776
0.0045459 -5.975
0.00455 -5.9449
0.0045542 -5.8882
0.0045584 -5.8652
0.0045625 -5.779
0.0045667 -5.7505
0.0045709 -5.7472
0.004575 -5.6439
0.0045792 -5.5675
0.0045834 -5.5296
0.0045875 -5.3991
0.0045917 -5.3743
0.0045959 -5.3714
0.0046 -5.2294
0.0046042 -5.1109
0.0046084 -5.0628
0.0046125 -4.8387
0.0046167 -4.7942
0.0046209 -4.7927
0.004625 -4.5938
0.0046292 -4.4682
0.0046334 -4.4243
0.0046375 -4.1562
0.0046417 -4.1191
0.0046459 -4.1196
0.00465 -3.8845
0.0046542 -3.7475
0.0046584 -3.7175
0.0046625 -3.4039
0.0046667 -3.3581
0.0046709 -3.3579
0.004675 -3.0415
0.0046792 -2.8936
0.0046834 -2.8769
0.0046875 -2.4438
0.0046917 -2.3997
0.0046959 -2.3989
0.0047 -2.0243
0.0047042 -1.8868
0.0047084 -1.8901
0.0047125 -1.4246
0.0047167 -1.3865
0.0047209 -1.3866
0.004725 -0.99289
0.0047292 -0.87871
0.0047334 -0.87939
0.0047375 -0.4333
0.0047417 -0.37732
0.0047459 -0.37948
0.00475 -0.021169
0.0047542 0.059118
0.0047584 0.056976
0.0047625 0.47964
0.0047667 0.56082
0.0047709 0.55969
0.004775 1.0539
0.0047792 1.1306
0.0047834 1.1293
0.0047875 1.5977
0.0047917 1.7285
0.0047959 1.7264
0.0048 2.2211
0.0048042 2.2705
0.0048084 2.2679
0.0048125 2.6491
0.0048167 2.7981
0.0048209 2.8068
0.004825 3.2424
0.0048292 3.2976
0.0048334 3.2966
0.0048375 3.6321
0.0048417 3.7887
0.0048459 3.8235
0.00485 4.2084
0.0048542 4.2651
0.0048584 4.2605
0.0048625 4.5108
0.0048667 4.6872
0.0048709 4.7387
0.004875 5.0453
0.0048792 5.0971
0.0048834 5.0952
0.0048875 5.2089
0.0048917 5.3726
0.0048959 5.3998
0.0049 5.5482
0.0049042 5.6054
0.0049084 5.6017
0.0049125 5.5138
0.0049167 5.517
0.0049209 5.4974
0.004925 5.4058
0.0049292 5.3653
0.0049334 5.3606
0.0049375 5.4324
0.0049417 5.4387
0.0049459 5.4874
0.00495 5.6024
0.0049542 5.5813
0.0049584 5.5786
0.0049625 5.6872
0.0049667 5.7506
0.0049709 5.788
0.004975 5.8705
0.0049792 5.8644
0.0049834 5.8612
0.0049875 5.9088
0.0049917 5.959
0.0049959 5.9746
