    0 2.4656
4.1667e-06 2.7431
8.3334e-06 3.0103
1.25e-05 2.8333
1.6667e-05 3.4198
2.0834e-05 3.3143
2.5e-05 3.1642
2.9167e-05 3.4329
3.3334e-05 3.688
3.75e-05 3.5035
4.1667e-05 4.0754
4.5834e-05 3.9614
5e-05 3.8049
5.4167e-05 4.0599
5.8334e-05 4.2905
6.2501e-05 4.1049
6.6667e-05 4.6533
7.0834e-05 4.5226
7.5001e-05 4.3629
7.9167e-05 4.5989
8.3334e-05 4.8036
8.7501e-05 4.6191
9.1667e-05 5.1326
9.5834e-05 4.9883
0.0001 4.8302
0.00010417 5.0412
0.00010833 5.2061
0.0001125 5.0292
0.00011667 5.4928
0.00012083 5.3361
0.000125 5.1836
0.00012917 5.3586
0.00013333 5.4797
0.0001375 5.3164
0.00014167 5.7157
0.00014583 5.5514
0.00015 5.4088
0.00015417 5.5512
0.00015833 5.6203
0.0001625 5.4725
0.00016667 5.8007
0.00017083 5.6315
0.000175 5.5015
0.00017917 5.6063
0.00018333 5.6228
0.0001875 5.4949
0.00019167 5.7546
0.00019583 5.5716
0.0002 5.4575
0.00020417 5.524
0.00020834 5.4822
0.0002125 5.3771
0.00021667 5.5203
0.00022084 5.3655
0.000225 5.2716
0.00022917 5.2762
0.00023334 5.1953
0.0002375 5.1152
0.00024167 5.1316
0.00024584 5.0131
0.00025 4.9425
0.00025417 4.8498
0.00025834 4.7927
0.0002625 4.7375
0.00026667 4.6351
0.00027084 4.548
0.000275 4.5046
0.00027917 4.2396
0.00028334 4.2572
0.0002875 4.2291
0.00029167 4.0176
0.00029584 3.9406
0.0003 3.926
0.00030417 3.6349
0.00030834 3.5909
0.0003125 3.5898
0.00031667 3.3416
0.00032084 3.2098
0.000325 3.2285
0.00032917 2.8188
0.00033334 2.8193
0.0003375 2.8474
0.00034167 2.5676
0.00034584 2.3873
0.00035 2.4383
0.00035417 1.9557
0.00035834 1.9605
0.0003625 2.0164
0.00036667 1.7201
0.00037084 1.4933
0.000375 1.5762
0.00037917 1.0378
0.00038334 1.0458
0.0003875 1.1289
0.00039167 0.8452
0.00039584 0.56392
0.0004 0.67798
0.00040417 0.12691
0.00040834 0.12979
0.0004125 0.23456
0.00041667 -0.0086829
0.00042084 -0.2922
0.000425 -0.16898
0.00042917 -0.69684
0.00043334 -0.67078
0.0004375 -0.56236
0.00044167 -0.81524
0.00044584 -1.0864
0.00045 -0.9511
0.00045417 -1.5132
0.00045834 -1.4601
0.0004625 -1.3379
0.00046667 -1.6044
0.00047084 -1.888
0.000475 -1.732
0.00047917 -2.3121
0.00048334 -2.2369
0.0004875 -2.1027
0.00049167 -2.3736
0.00049584 -2.6601
0.0005 -2.4903
0.00050417 -3.0774
0.00050834 -2.9859
0.0005125 -2.8391
0.00051667 -3.101
0.00052084 -3.3803
0.000525 -3.1988
0.00052917 -3.7782
0.00053334 -3.6729
0.0005375 -3.5178
0.00054167 -3.7725
0.00054584 -4.0364
0.00055 -3.8477
0.00055417 -4.4058
0.00055834 -4.2873
0.0005625 -4.128
0.00056667 -4.361
0.00057084 -4.597
0.000575 -4.4098
0.00057917 -4.941
0.00058334 -4.8121
0.0005875 -4.6511
0.00059167 -4.862
0.00059584 -5.0682
0.0006 -4.8838
0.00060417 -5.3669
0.00060834 -5.2196
0.0006125 -5.0622
0.00061667 -5.2406
0.00062084 -5.4086
0.00062501 -5.2359
0.00062917 -5.6628
0.00063334 -5.5084
0.00063751 -5.3575
0.00064167 -5.4927
0.00064584 -5.6181
0.00065001 -5.4594
0.00065417 -5.8248
0.00065834 -5.6568
0.00066251 -5.5175
0.00066667 -5.608
0.00067084 -5.6867
0.00067501 -5.5468
0.00067917 -5.8359
0.00068334 -5.6638
0.00068751 -5.5399
0.00069167 -5.58
0.00069584 -5.6141
0.00070001 -5.4953
0.00070417 -5.6707
0.00070834 -5.5208
0.00071251 -5.4157
0.00071667 -5.4108
0.00072084 -5.3932
0.00072501 -5.2976
0.00072917 -5.3326
0.00073334 -5.2394
0.00073751 -5.1555
0.00074167 -5.0628
0.00074584 -5.0325
0.00075001 -4.9642
0.00075417 -4.8542
0.00075834 -4.8189
0.00076251 -4.7608
0.00076667 -4.5843
0.00077084 -4.5556
0.00077501 -4.5101
0.00077917 -4.326
0.00078334 -4.266
0.00078751 -4.2353
0.00079167 -3.9874
0.00079584 -3.9439
0.00080001 -3.9282
0.00080417 -3.6905
0.00080834 -3.5823
0.00081251 -3.5847
0.00081667 -3.2243
0.00082084 -3.2122
0.00082501 -3.2246
0.00082917 -2.9604
0.00083334 -2.7968
0.00083751 -2.834
0.00084167 -2.3926
0.00084584 -2.3854
0.00085001 -2.4286
0.00085417 -2.143
0.00085834 -1.9321
0.00086251 -2.0008
0.00086667 -1.4945
0.00087084 -1.4919
0.00087501 -1.563
0.00087917 -1.2774
0.00088334 -1.011
0.00088751 -1.1108
0.00089167 -0.55679
0.00089584 -0.56191
0.00090001 -0.65819
0.00090417 -0.39192
0.00090834 -0.093864
0.00091251 -0.21964
0.00091667 0.30595
0.00092084 0.29211
0.00092501 0.18492
0.00092917 0.43689
0.00093334 0.70197
0.00093751 0.57417
0.00094167 1.124
0.00094584 1.0735
0.00095001 0.95804
0.00095417 1.2309
0.00095834 1.4962
0.00096251 1.3503
0.00096667 1.9301
0.00097084 1.854
0.00097501 1.7247
0.00097917 2.0085
0.00098334 2.2728
0.00098751 2.1096
0.00099167 2.6948
0.00099584 2.6067
0.001 2.4656
0.0010042 2.7431
0.0010083 3.0103
0.0010125 2.8333
0.0010167 3.4198
0.0010208 3.3143
0.001025 3.1642
0.0010292 3.4329
0.0010333 3.688
0.0010375 3.5035
0.0010417 4.0754
0.0010458 3.9614
0.00105 3.8049
0.0010542 4.0599
0.0010583 4.2905
0.0010625 4.1049
0.0010667 4.6533
0.0010708 4.5226
0.001075 4.3629
0.0010792 4.5989
0.0010833 4.8036
0.0010875 4.6191
0.0010917 5.1326
0.0010958 4.9883
0.0011 4.8302
0.0011042 5.0412
0.0011083 5.2061
0.0011125 5.0292
0.0011167 5.4928
0.0011208 5.3361
0.001125 5.1836
0.0011292 5.3586
0.0011333 5.4797
0.0011375 5.3164
0.0011417 5.7157
0.0011458 5.5514
0.00115 5.4088
0.0011542 5.5512
0.0011583 5.6203
0.0011625 5.4725
0.0011667 5.8007
0.0011708 5.6315
0.001175 5.5015
0.0011792 5.6063
0.0011833 5.6228
0.0011875 5.4949
0.0011917 5.7546
0.0011958 5.5716
0.0012 5.4575
0.0012042 5.524
0.0012083 5.4822
0.0012125 5.3771
0.0012167 5.5203
0.0012208 5.3655
0.001225 5.2716
0.0012292 5.2762
0.0012333 5.1953
0.0012375 5.1152
0.0012417 5.1316
0.0012458 5.0131
0.00125 4.9425
0.0012542 4.8498
0.0012583 4.7927
0.0012625 4.7375
0.0012667 4.6351
0.0012708 4.548
0.001275 4.5046
0.0012792 4.2396
0.0012833 4.2572
0.0012875 4.2291
0.0012917 4.0176
0.0012958 3.9406
0.0013 3.926
0.0013042 3.6349
0.0013083 3.5909
0.0013125 3.5898
0.0013167 3.3416
0.0013208 3.2098
0.001325 3.2285
0.0013292 2.8188
0.0013333 2.8193
0.0013375 2.8474
0.0013417 2.5676
0.0013458 2.3873
0.00135 2.4383
0.0013542 1.9557
0.0013583 1.9605
0.0013625 2.0164
0.0013667 1.7201
0.0013708 1.4933
0.001375 1.5762
0.0013792 1.0378
0.0013833 1.0458
0.0013875 1.1289
0.0013917 0.8452
0.0013958 0.56392
0.0014 0.67798
0.0014042 0.12691
0.0014083 0.12979
0.0014125 0.23456
0.0014167 -0.0086829
0.0014208 -0.2922
0.001425 -0.16898
0.0014292 -0.69684
0.0014333 -0.67078
0.0014375 -0.56236
0.0014417 -0.81524
0.0014458 -1.0864
0.00145 -0.9511
0.0014542 -1.5132
0.0014583 -1.4601
0.0014625 -1.3379
0.0014667 -1.6044
0.0014708 -1.888
0.001475 -1.732
0.0014792 -2.3121
0.0014833 -2.2369
0.0014875 -2.1027
0.0014917 -2.3736
0.0014958 -2.6601
0.0015 -2.4903
0.0015042 -3.0774
0.0015083 -2.9859
0.0015125 -2.8391
0.0015167 -3.101
0.0015208 -3.3803
0.001525 -3.1988
0.0015292 -3.7782
0.0015333 -3.6729
0.0015375 -3.5178
0.0015417 -3.7725
0.0015458 -4.0364
0.00155 -3.8477
0.0015542 -4.4058
0.0015583 -4.2873
0.0015625 -4.128
0.0015667 -4.361
0.0015708 -4.597
0.001575 -4.4098
0.0015792 -4.941
0.0015833 -4.8121
0.0015875 -4.6511
0.0015917 -4.862
0.0015958 -5.0682
0.0016 -4.8838
0.0016042 -5.3669
0.0016083 -5.2196
0.0016125 -5.0622
0.0016167 -5.2406
0.0016208 -5.4086
0.001625 -5.2359
0.0016292 -5.6628
0.0016333 -5.5084
0.0016375 -5.3575
0.0016417 -5.4927
0.0016458 -5.6181
0.00165 -5.4594
0.0016542 -5.8248
0.0016583 -5.6568
0.0016625 -5.5175
0.0016667 -5.608
0.0016708 -5.6867
0.001675 -5.5468
0.0016792 -5.8359
0.0016833 -5.6638
0.0016875 -5.5399
0.0016917 -5.58
0.0016958 -5.6141
0.0017 -5.4953
0.0017042 -5.6707
0.0017083 -5.5208
0.0017125 -5.4157
0.0017167 -5.4108
0.0017208 -5.3932
0.001725 -5.2976
0.0017292 -5.3326
0.0017333 -5.2394
0.0017375 -5.1555
0.0017417 -5.0628
0.0017458 -5.0325
0.00175 -4.9642
0.0017542 -4.8542
0.0017583 -4.8189
0.0017625 -4.7608
0.0017667 -4.5843
0.0017708 -4.5556
0.001775 -4.5101
0.0017792 -4.326
0.0017833 -4.266
0.0017875 -4.2353
0.0017917 -3.9874
0.0017958 -3.9439
0.0018 -3.9282
0.0018042 -3.6905
0.0018083 -3.5823
0.0018125 -3.5847
0.0018167 -3.2243
0.0018208 -3.2122
0.001825 -3.2246
0.0018292 -2.9604
0.0018333 -2.7968
0.0018375 -2.834
0.0018417 -2.3926
0.0018458 -2.3854
0.00185 -2.4286
0.0018542 -2.143
0.0018583 -1.9321
0.0018625 -2.0008
0.0018667 -1.4945
0.0018708 -1.4919
0.001875 -1.563
0.0018792 -1.2774
0.0018833 -1.011
0.0018875 -1.1108
0.0018917 -0.55679
0.0018958 -0.56191
0.0019 -0.65819
0.0019042 -0.39192
0.0019083 -0.093864
0.0019125 -0.21964
0.0019167 0.30595
0.0019208 0.29211
0.001925 0.18492
0.0019292 0.43689
0.0019333 0.70197
0.0019375 0.57417
0.0019417 1.124
0.0019458 1.0735
0.00195 0.95804
0.0019542 1.2309
0.0019583 1.4962
0.0019625 1.3503
0.0019667 1.9301
0.0019708 1.854
0.001975 1.7247
0.0019792 2.0085
0.0019833 2.2728
0.0019875 2.1096
0.0019917 2.6948
0.0019958 2.6067
0.002 2.4656
0.0020042 2.7431
0.0020083 3.0103
0.0020125 2.8333
0.0020167 3.4198
0.0020208 3.3143
0.002025 3.1642
0.0020292 3.4329
0.0020333 3.688
0.0020375 3.5035
0.0020417 4.0754
0.0020458 3.9614
0.00205 3.8049
0.0020542 4.0599
0.0020583 4.2905
0.0020625 4.1049
0.0020667 4.6533
0.0020708 4.5226
0.002075 4.3629
0.0020792 4.5989
0.0020834 4.8036
0.0020875 4.6191
0.0020917 5.1326
0.0020959 4.9883
0.0021 4.8302
0.0021042 5.0412
0.0021084 5.2061
0.0021125 5.0292
0.0021167 5.4928
0.0021209 5.3361
0.002125 5.1836
0.0021292 5.3586
0.0021334 5.4797
0.0021375 5.3164
0.0021417 5.7157
0.0021459 5.5514
0.00215 5.4088
0.0021542 5.5512
0.0021584 5.6203
0.0021625 5.4725
0.0021667 5.8007
0.0021709 5.6315
0.002175 5.5015
0.0021792 5.6063
0.0021834 5.6228
0.0021875 5.4949
0.0021917 5.7546
0.0021959 5.5716
0.0022 5.4575
0.0022042 5.524
0.0022084 5.4822
0.0022125 5.3771
0.0022167 5.5203
0.0022209 5.3655
0.002225 5.2716
0.0022292 5.2762
0.0022334 5.1953
0.0022375 5.1152
0.0022417 5.1316
0.0022459 5.0131
0.00225 4.9425
0.0022542 4.8498
0.0022584 4.7927
0.0022625 4.7375
0.0022667 4.6351
0.0022709 4.548
0.002275 4.5046
0.0022792 4.2396
0.0022834 4.2572
0.0022875 4.2291
0.0022917 4.0176
0.0022959 3.9406
0.0023 3.926
0.0023042 3.6349
0.0023084 3.5909
0.0023125 3.5898
0.0023167 3.3416
0.0023209 3.2098
0.002325 3.2285
0.0023292 2.8188
0.0023334 2.8193
0.0023375 2.8474
0.0023417 2.5676
0.0023459 2.3873
0.00235 2.4383
0.0023542 1.9557
0.0023584 1.9605
0.0023625 2.0164
0.0023667 1.7201
0.0023709 1.4933
0.002375 1.5762
0.0023792 1.0378
0.0023834 1.0458
0.0023875 1.1289
0.0023917 0.8452
0.0023959 0.56392
0.0024 0.67798
0.0024042 0.12691
0.0024084 0.12979
0.0024125 0.23456
0.0024167 -0.0086829
0.0024209 -0.2922
0.002425 -0.16898
0.0024292 -0.69684
0.0024334 -0.67078
0.0024375 -0.56236
0.0024417 -0.81524
0.0024459 -1.0864
0.00245 -0.9511
0.0024542 -1.5132
0.0024584 -1.4601
0.0024625 -1.3379
0.0024667 -1.6044
0.0024709 -1.888
0.002475 -1.732
0.0024792 -2.3121
0.0024834 -2.2369
0.0024875 -2.1027
0.0024917 -2.3736
0.0024959 -2.6601
0.0025 -2.4903
0.0025042 -3.0774
0.0025084 -2.9859
0.0025125 -2.8391
0.0025167 -3.101
0.0025209 -3.3803
0.002525 -3.1988
0.0025292 -3.7782
0.0025334 -3.6729
0.0025375 -3.5178
0.0025417 -3.7725
0.0025459 -4.0364
0.00255 -3.8477
0.0025542 -4.4058
0.0025584 -4.2873
0.0025625 -4.128
0.0025667 -4.361
0.0025709 -4.597
0.002575 -4.4098
0.0025792 -4.941
0.0025834 -4.8121
0.0025875 -4.6511
0.0025917 -4.862
0.0025959 -5.0682
0.0026 -4.8838
0.0026042 -5.3669
0.0026084 -5.2196
0.0026125 -5.0622
0.0026167 -5.2406
0.0026209 -5.4086
0.002625 -5.2359
0.0026292 -5.6628
0.0026334 -5.5084
0.0026375 -5.3575
0.0026417 -5.4927
0.0026459 -5.6181
0.00265 -5.4594
0.0026542 -5.8248
0.0026584 -5.6568
0.0026625 -5.5175
0.0026667 -5.608
0.0026709 -5.6867
0.002675 -5.5468
0.0026792 -5.8359
0.0026834 -5.6638
0.0026875 -5.5399
0.0026917 -5.58
0.0026959 -5.6141
0.0027 -5.4953
0.0027042 -5.6707
0.0027084 -5.5208
0.0027125 -5.4157
0.0027167 -5.4108
0.0027209 -5.3932
0.002725 -5.2976
0.0027292 -5.3326
0.0027334 -5.2394
0.0027375 -5.1555
0.0027417 -5.0628
0.0027459 -5.0325
0.00275 -4.9642
0.0027542 -4.8542
0.0027584 -4.8189
0.0027625 -4.7608
0.0027667 -4.5843
0.0027709 -4.5556
0.002775 -4.5101
0.0027792 -4.326
0.0027834 -4.266
0.0027875 -4.2353
0.0027917 -3.9874
0.0027959 -3.9439
0.0028 -3.9282
0.0028042 -3.6905
0.0028084 -3.5823
0.0028125 -3.5847
0.0028167 -3.2243
0.0028209 -3.2122
0.002825 -3.2246
0.0028292 -2.9604
0.0028334 -2.7968
0.0028375 -2.834
0.0028417 -2.3926
0.0028459 -2.3854
0.00285 -2.4286
0.0028542 -2.143
0.0028584 -1.9321
0.0028625 -2.0008
0.0028667 -1.4945
0.0028709 -1.4919
0.002875 -1.563
0.0028792 -1.2774
0.0028834 -1.011
0.0028875 -1.1108
0.0028917 -0.55679
0.0028959 -0.56191
0.0029 -0.65819
0.0029042 -0.39192
0.0029084 -0.093864
0.0029125 -0.21964
0.0029167 0.30595
0.0029209 0.29211
0.002925 0.18492
0.0029292 0.43689
0.0029334 0.70197
0.0029375 0.57417
0.0029417 1.124
0.0029459 1.0735
0.00295 0.95804
0.0029542 1.2309
0.0029584 1.4962
0.0029625 1.3503
0.0029667 1.9301
0.0029709 1.854
0.002975 1.7247
0.0029792 2.0085
0.0029834 2.2728
0.0029875 2.1096
0.0029917 2.6948
0.0029959 2.6067
0.003 2.4656
0.0030042 2.7431
0.0030084 3.0103
0.0030125 2.8333
0.0030167 3.4198
0.0030209 3.3143
0.003025 3.1642
0.0030292 3.4329
0.0030334 3.688
0.0030375 3.5035
0.0030417 4.0754
0.0030459 3.9614
0.00305 3.8049
0.0030542 4.0599
0.0030584 4.2905
0.0030625 4.1049
0.0030667 4.6533
0.0030709 4.5226
0.003075 4.3629
0.0030792 4.5989
0.0030834 4.8036
0.0030875 4.6191
0.0030917 5.1326
0.0030959 4.9883
0.0031 4.8302
0.0031042 5.0412
0.0031084 5.2061
0.0031125 5.0292
0.0031167 5.4928
0.0031209 5.3361
0.003125 5.1836
0.0031292 5.3586
0.0031334 5.4797
0.0031375 5.3164
0.0031417 5.7157
0.0031459 5.5514
0.00315 5.4088
0.0031542 5.5512
0.0031584 5.6203
0.0031625 5.4725
0.0031667 5.8007
0.0031709 5.6315
0.003175 5.5015
0.0031792 5.6063
0.0031834 5.6228
0.0031875 5.4949
0.0031917 5.7546
0.0031959 5.5716
0.0032 5.4575
0.0032042 5.524
0.0032084 5.4822
0.0032125 5.3771
0.0032167 5.5203
0.0032209 5.3655
0.003225 5.2716
0.0032292 5.2762
0.0032334 5.1953
0.0032375 5.1152
0.0032417 5.1316
0.0032459 5.0131
0.00325 4.9425
0.0032542 4.8498
0.0032584 4.7927
0.0032625 4.7375
0.0032667 4.6351
0.0032709 4.548
0.003275 4.5046
0.0032792 4.2396
0.0032834 4.2572
0.0032875 4.2291
0.0032917 4.0176
0.0032959 3.9406
0.0033 3.926
0.0033042 3.6349
0.0033084 3.5909
0.0033125 3.5898
0.0033167 3.3416
0.0033209 3.2098
0.003325 3.2285
0.0033292 2.8188
0.0033334 2.8193
0.0033375 2.8474
0.0033417 2.5676
0.0033459 2.3873
0.00335 2.4383
0.0033542 1.9557
0.0033584 1.9605
0.0033625 2.0164
0.0033667 1.7201
0.0033709 1.4933
0.003375 1.5762
0.0033792 1.0378
0.0033834 1.0458
0.0033875 1.1289
0.0033917 0.8452
0.0033959 0.56392
0.0034 0.67798
0.0034042 0.12691
0.0034084 0.12979
0.0034125 0.23456
0.0034167 -0.0086829
0.0034209 -0.2922
0.003425 -0.16898
0.0034292 -0.69684
0.0034334 -0.67078
0.0034375 -0.56236
0.0034417 -0.81524
0.0034459 -1.0864
0.00345 -0.9511
0.0034542 -1.5132
0.0034584 -1.4601
0.0034625 -1.3379
0.0034667 -1.6044
0.0034709 -1.888
0.003475 -1.732
0.0034792 -2.3121
0.0034834 -2.2369
0.0034875 -2.1027
0.0034917 -2.3736
0.0034959 -2.6601
0.0035 -2.4903
0.0035042 -3.0774
0.0035084 -2.9859
0.0035125 -2.8391
0.0035167 -3.101
0.0035209 -3.3803
0.003525 -3.1988
0.0035292 -3.7782
0.0035334 -3.6729
0.0035375 -3.5178
0.0035417 -3.7725
0.0035459 -4.0364
0.00355 -3.8477
0.0035542 -4.4058
0.0035584 -4.2873
0.0035625 -4.128
0.0035667 -4.361
0.0035709 -4.597
0.003575 -4.4098
0.0035792 -4.941
0.0035834 -4.8121
0.0035875 -4.6511
0.0035917 -4.862
0.0035959 -5.0682
0.0036 -4.8838
0.0036042 -5.3669
0.0036084 -5.2196
0.0036125 -5.0622
0.0036167 -5.2406
0.0036209 -5.4086
0.003625 -5.2359
0.0036292 -5.6628
0.0036334 -5.5084
0.0036375 -5.3575
0.0036417 -5.4927
0.0036459 -5.6181
0.00365 -5.4594
0.0036542 -5.8248
0.0036584 -5.6568
0.0036625 -5.5175
0.0036667 -5.608
0.0036709 -5.6867
0.003675 -5.5468
0.0036792 -5.8359
0.0036834 -5.6638
0.0036875 -5.5399
0.0036917 -5.58
0.0036959 -5.6141
0.0037 -5.4953
0.0037042 -5.6707
0.0037084 -5.5208
0.0037125 -5.4157
0.0037167 -5.4108
0.0037209 -5.3932
0.003725 -5.2976
0.0037292 -5.3326
0.0037334 -5.2394
0.0037375 -5.1555
0.0037417 -5.0628
0.0037459 -5.0325
0.00375 -4.9642
0.0037542 -4.8542
0.0037584 -4.8189
0.0037625 -4.7608
0.0037667 -4.5843
0.0037709 -4.5556
0.003775 -4.5101
0.0037792 -4.326
0.0037834 -4.266
0.0037875 -4.2353
0.0037917 -3.9874
0.0037959 -3.9439
0.0038 -3.9282
0.0038042 -3.6905
0.0038084 -3.5823
0.0038125 -3.5847
0.0038167 -3.2243
0.0038209 -3.2122
0.003825 -3.2246
0.0038292 -2.9604
0.0038334 -2.7968
0.0038375 -2.834
0.0038417 -2.3926
0.0038459 -2.3854
0.00385 -2.4286
0.0038542 -2.143
0.0038584 -1.9321
0.0038625 -2.0008
0.0038667 -1.4945
0.0038709 -1.4919
0.003875 -1.563
0.0038792 -1.2774
0.0038834 -1.011
0.0038875 -1.1108
0.0038917 -0.55679
0.0038959 -0.56191
0.0039 -0.65819
0.0039042 -0.39192
0.0039084 -0.093864
0.0039125 -0.21964
0.0039167 0.30595
0.0039209 0.29211
0.003925 0.18492
0.0039292 0.43689
0.0039334 0.70197
0.0039375 0.57417
0.0039417 1.124
0.0039459 1.0735
0.00395 0.95804
0.0039542 1.2309
0.0039584 1.4962
0.0039625 1.3503
0.0039667 1.9301
0.0039709 1.854
0.003975 1.7247
0.0039792 2.0085
0.0039834 2.2728
0.0039875 2.1096
0.0039917 2.6948
0.0039959 2.6067
0.004 2.4656
0.0040042 2.7431
0.0040084 3.0103
0.0040125 2.8333
0.0040167 3.4198
0.0040209 3.3143
0.004025 3.1642
0.0040292 3.4329
0.0040334 3.688
0.0040375 3.5035
0.0040417 4.0754
0.0040459 3.9614
0.00405 3.8049
0.0040542 4.0599
0.0040584 4.2905
0.0040625 4.1049
0.0040667 4.6533
0.0040709 4.5226
0.004075 4.3629
0.0040792 4.5989
0.0040834 4.8036
0.0040875 4.6191
0.0040917 5.1326
0.0040959 4.9883
0.0041 4.8302
0.0041042 5.0412
0.0041084 5.2061
0.0041125 5.0292
0.0041167 5.4928
0.0041209 5.3361
0.004125 5.1836
0.0041292 5.3586
0.0041334 5.4797
0.0041375 5.3164
0.0041417 5.7157
0.0041459 5.5514
0.00415 5.4088
0.0041542 5.5512
0.0041584 5.6203
0.0041625 5.4725
0.0041667 5.8007
0.0041709 5.6315
0.004175 5.5015
0.0041792 5.6063
0.0041834 5.6228
0.0041875 5.4949
0.0041917 5.7546
0.0041959 5.5716
0.0042 5.4575
0.0042042 5.524
0.0042084 5.4822
0.0042125 5.3771
0.0042167 5.5203
0.0042209 5.3655
0.004225 5.2716
0.0042292 5.2762
0.0042334 5.1953
0.0042375 5.1152
0.0042417 5.1316
0.0042459 5.0131
0.00425 4.9425
0.0042542 4.8498
0.0042584 4.7927
0.0042625 4.7375
0.0042667 4.6351
0.0042709 4.548
0.004275 4.5046
0.0042792 4.2396
0.0042834 4.2572
0.0042875 4.2291
0.0042917 4.0176
0.0042959 3.9406
0.0043 3.926
0.0043042 3.6349
0.0043084 3.5909
0.0043125 3.5898
0.0043167 3.3416
0.0043209 3.2098
0.004325 3.2285
0.0043292 2.8188
0.0043334 2.8193
0.0043375 2.8474
0.0043417 2.5676
0.0043459 2.3873
0.00435 2.4383
0.0043542 1.9557
0.0043584 1.9605
0.0043625 2.0164
0.0043667 1.7201
0.0043709 1.4933
0.004375 1.5762
0.0043792 1.0378
0.0043834 1.0458
0.0043875 1.1289
0.0043917 0.8452
0.0043959 0.56392
0.0044 0.67798
0.0044042 0.12691
0.0044084 0.12979
0.0044125 0.23456
0.0044167 -0.0086829
0.0044209 -0.2922
0.004425 -0.16898
0.0044292 -0.69684
0.0044334 -0.67078
0.0044375 -0.56236
0.0044417 -0.81524
0.0044459 -1.0864
0.00445 -0.9511
0.0044542 -1.5132
0.0044584 -1.4601
0.0044625 -1.3379
0.0044667 -1.6044
0.0044709 -1.888
0.004475 -1.732
0.0044792 -2.3121
0.0044834 -2.2369
0.0044875 -2.1027
0.0044917 -2.3736
0.0044959 -2.6601
0.0045 -2.4903
0.0045042 -3.0774
0.0045084 -2.9859
0.0045125 -2.8391
0.0045167 -3.101
0.0045209 -3.3803
0.004525 -3.1988
0.0045292 -3.7782
0.0045334 -3.6729
0.0045375 -3.5178
0.0045417 -3.7725
0.0045459 -4.0364
0.00455 -3.8477
0.0045542 -4.4058
0.0045584 -4.2873
0.0045625 -4.128
0.0045667 -4.361
0.0045709 -4.597
0.004575 -4.4098
0.0045792 -4.941
0.0045834 -4.8121
0.0045875 -4.6511
0.0045917 -4.862
0.0045959 -5.0682
0.0046 -4.8838
0.0046042 -5.3669
0.0046084 -5.2196
0.0046125 -5.0622
0.0046167 -5.2406
0.0046209 -5.4086
0.004625 -5.2359
0.0046292 -5.6628
0.0046334 -5.5084
0.0046375 -5.3575
0.0046417 -5.4927
0.0046459 -5.6181
0.00465 -5.4594
0.0046542 -5.8248
0.0046584 -5.6568
0.0046625 -5.5175
0.0046667 -5.608
0.0046709 -5.6867
0.004675 -5.5468
0.0046792 -5.8359
0.0046834 -5.6638
0.0046875 -5.5399
0.0046917 -5.58
0.0046959 -5.6141
0.0047 -5.4953
0.0047042 -5.6707
0.0047084 -5.5208
0.0047125 -5.4157
0.0047167 -5.4108
0.0047209 -5.3932
0.004725 -5.2976
0.0047292 -5.3326
0.0047334 -5.2394
0.0047375 -5.1555
0.0047417 -5.0628
0.0047459 -5.0325
0.00475 -4.9642
0.0047542 -4.8542
0.0047584 -4.8189
0.0047625 -4.7608
0.0047667 -4.5843
0.0047709 -4.5556
0.004775 -4.5101
0.0047792 -4.326
0.0047834 -4.266
0.0047875 -4.2353
0.0047917 -3.9874
0.0047959 -3.9439
0.0048 -3.9282
0.0048042 -3.6905
0.0048084 -3.5823
0.0048125 -3.5847
0.0048167 -3.2243
0.0048209 -3.2122
0.004825 -3.2246
0.0048292 -2.9604
0.0048334 -2.7968
0.0048375 -2.834
0.0048417 -2.3926
0.0048459 -2.3854
0.00485 -2.4286
0.0048542 -2.143
0.0048584 -1.9321
0.0048625 -2.0008
0.0048667 -1.4945
0.0048709 -1.4919
0.004875 -1.563
0.0048792 -1.2774
0.0048834 -1.011
0.0048875 -1.1108
0.0048917 -0.55679
0.0048959 -0.56191
0.0049 -0.65819
0.0049042 -0.39192
0.0049084 -0.093864
0.0049125 -0.21964
0.0049167 0.30595
0.0049209 0.29211
0.004925 0.18492
0.0049292 0.43689
0.0049334 0.70197
0.0049375 0.57417
0.0049417 1.124
0.0049459 1.0735
0.00495 0.95804
0.0049542 1.2309
0.0049584 1.4962
0.0049625 1.3503
0.0049667 1.9301
0.0049709 1.854
0.004975 1.7247
0.0049792 2.0085
0.0049834 2.2728
0.0049875 2.1096
0.0049917 2.6948
0.0049959 2.6067
