    0 2.6679
4.1667e-06 2.7877
8.3334e-06 2.9063
1.25e-05 3.0236
1.6667e-05 3.1394
2.0834e-05 3.2533
2.5e-05 3.3654
2.9167e-05 3.4761
3.3334e-05 3.5848
3.75e-05 3.6915
4.1667e-05 3.7962
4.5834e-05 3.8985
5e-05 3.9996
5.4167e-05 4.0985
5.8334e-05 4.1934
6.2501e-05 4.286
6.6667e-05 4.3761
7.0834e-05 4.4627
7.5001e-05 4.5479
7.9167e-05 4.6312
8.3334e-05 4.7105
8.7501e-05 4.7876
9.1667e-05 4.8613
9.5834e-05  4.93
0.0001 4.9979
0.00010417 5.0635
0.00010833 5.123
0.0001125 5.1799
0.00011667 5.233
0.00012083 5.2807
0.000125 5.3283
0.00012917 5.3735
0.00013333 5.4118
0.0001375 5.4475
0.00014167 5.4792
0.00014583 5.5044
0.00015 5.5294
0.00015417 5.5516
0.00015833 5.5663
0.0001625 5.5785
0.00016667 5.5858
0.00017083 5.5868
0.000175 5.5891
0.00017917 5.5891
0.00018333 5.5815
0.0001875 5.5719
0.00019167 5.5543
0.00019583 5.529
0.0002 5.5076
0.00020417 5.4836
0.00020834 5.4514
0.0002125 5.4171
0.00021667 5.3738
0.00022084 5.3239
0.000225  5.28
0.00022917 5.2324
0.00023334 5.1767
0.0002375 5.1206
0.00024167 5.0552
0.00024584 4.9825
0.00025 4.9158
0.00025417 4.8438
0.00025834 4.7651
0.0002625 4.6894
0.00026667 4.6082
0.00027084 4.519
0.000275 4.4318
0.00027917 4.336
0.00028334 4.2326
0.0002875 4.1349
0.00029167 4.0357
0.00029584 3.928
0.0003 3.8182
0.00030417 3.7039
0.00030834 3.5831
0.0003125 3.4653
0.00031667 3.3474
0.00032084 3.2226
0.000325 3.096
0.00032917 2.9656
0.00033334 2.8286
0.0003375 2.6941
0.00034167 2.5602
0.00034584 2.4207
0.00035  2.28
0.00035417 2.1366
0.00035834 1.9881
0.0003625 1.8425
0.00036667 1.6991
0.00037084 1.5508
0.000375 1.4003
0.00037917 1.2489
0.00038334 1.0939
0.0003875 0.94115
0.00039167 0.79233
0.00039584 0.64229
0.0004 0.49118
0.00040417 0.34441
0.00040834 0.20074
0.0004125 0.058797
0.00041667 -0.080529
0.00042084 -0.21565
0.000425 -0.3479
0.00042917 -0.48188
0.00043334 -0.61502
0.0004375 -0.74447
0.00044167 -0.87498
0.00044584 -1.0075
0.00045 -1.1387
0.00045417 -1.271
0.00045834 -1.4036
0.0004625 -1.5331
0.00046667 -1.6622
0.00047084 -1.7924
0.000475 -1.9214
0.00047917 -2.0495
0.00048334 -2.1771
0.0004875 -2.3025
0.00049167 -2.4263
0.00049584 -2.5498
0.0005 -2.6726
0.00050417 -2.7945
0.00050834 -2.9151
0.0005125 -3.0334
0.00051667 -3.1502
0.00052084 -3.2654
0.000525 -3.3792
0.00052917 -3.4911
0.00053334 -3.601
0.0005375 -3.7097
0.00054167 -3.8166
0.00054584 -3.9202
0.00055 -4.0213
0.00055417 -4.1202
0.00055834 -4.2157
0.0005625 -4.3096
0.00056667 -4.4016
0.00057084 -4.4898
0.000575 -4.5758
0.00057917 -4.6591
0.00058334 -4.7384
0.0005875 -4.8165
0.00059167 -4.8926
0.00059584 -4.9634
0.0006 -5.0314
0.00060417 -5.0957
0.00060834 -5.1548
0.0006125 -5.2133
0.00061667 -5.2691
0.00062084 -5.3182
0.00062501 -5.3647
0.00062917 -5.4069
0.00063334 -5.4429
0.00063751 -5.4789
0.00064167 -5.5127
0.00064584 -5.5395
0.00065001 -5.5634
0.00065417 -5.5827
0.00065834 -5.5957
0.00066251 -5.6092
0.00066667 -5.6204
0.00067084 -5.6241
0.00067501 -5.6252
0.00067917 -5.6205
0.00068334 -5.6089
0.00068751 -5.5992
0.00069167 -5.5867
0.00069584 -5.5658
0.00070001 -5.5426
0.00070417 -5.5117
0.00070834 -5.4735
0.00071251 -5.4394
0.00071667 -5.4032
0.00072084 -5.3587
0.00072501 -5.3118
0.00072917 -5.2554
0.00073334 -5.1915
0.00073751 -5.1335
0.00074167 -5.0705
0.00074584 -5.0013
0.00075001 -4.9348
0.00075417 -4.8607
0.00075834 -4.7793
0.00076251 -4.7022
0.00076667 -4.6146
0.00077084 -4.519
0.00077501 -4.43
0.00077917 -4.336
0.00078334 -4.2337
0.00078751 -4.1328
0.00079167 -4.0269
0.00079584 -3.9138
0.00080001 -3.8035
0.00080417 -3.693
0.00080834 -3.5751
0.00081251 -3.4552
0.00081667 -3.3314
0.00082084 -3.2012
0.00082501 -3.0739
0.00082917 -2.9465
0.00083334 -2.8126
0.00083751 -2.6774
0.00084167 -2.5389
0.00084584 -2.3948
0.00085001 -2.2538
0.00085417 -2.1136
0.00085834 -1.9683
0.00086251 -1.8219
0.00086667 -1.6737
0.00087084 -1.5214
0.00087501 -1.3717
0.00087917 -1.2254
0.00088334 -1.0757
0.00088751 -0.92383
0.00089167 -0.77375
0.00089584 -0.62267
0.00090001 -0.47307
0.00090417 -0.32833
0.00090834 -0.18712
0.00091251 -0.047164
0.00091667 0.090313
0.00092084 0.22403
0.00092501 0.35516
0.00092917 0.48653
0.00093334 0.61795
0.00093751 0.74765
0.00094167 0.87931
0.00094584 1.0118
0.00095001 1.141
0.00095417 1.2705
0.00095834 1.4018
0.00096251 1.5323
0.00096667 1.6626
0.00097084 1.7925
0.00097501 1.9195
0.00097917 2.046
0.00098334 2.1728
0.00098751 2.2983
0.00099167 2.4229
0.00099584 2.5466
0.001 2.6679
0.0010042 2.7877
0.0010083 2.9063
0.0010125 3.0236
0.0010167 3.1394
0.0010208 3.2533
0.001025 3.3654
0.0010292 3.4761
0.0010333 3.5848
0.0010375 3.6915
0.0010417 3.7962
0.0010458 3.8985
0.00105 3.9996
0.0010542 4.0985
0.0010583 4.1934
0.0010625 4.286
0.0010667 4.3761
0.0010708 4.4627
0.001075 4.5479
0.0010792 4.6312
0.0010833 4.7105
0.0010875 4.7876
0.0010917 4.8613
0.0010958  4.93
0.0011 4.9979
0.0011042 5.0635
0.0011083 5.123
0.0011125 5.1799
0.0011167 5.233
0.0011208 5.2807
0.001125 5.3283
0.0011292 5.3735
0.0011333 5.4118
0.0011375 5.4475
0.0011417 5.4792
0.0011458 5.5044
0.00115 5.5294
0.0011542 5.5516
0.0011583 5.5663
0.0011625 5.5785
0.0011667 5.5858
0.0011708 5.5868
0.001175 5.5891
0.0011792 5.5891
0.0011833 5.5815
0.0011875 5.5719
0.0011917 5.5543
0.0011958 5.529
0.0012 5.5076
0.0012042 5.4836
0.0012083 5.4514
0.0012125 5.4171
0.0012167 5.3738
0.0012208 5.3239
0.001225  5.28
0.0012292 5.2324
0.0012333 5.1767
0.0012375 5.1206
0.0012417 5.0552
0.0012458 4.9825
0.00125 4.9158
0.0012542 4.8438
0.0012583 4.7651
0.0012625 4.6894
0.0012667 4.6082
0.0012708 4.519
0.001275 4.4318
0.0012792 4.336
0.0012833 4.2326
0.0012875 4.1349
0.0012917 4.0357
0.0012958 3.928
0.0013 3.8182
0.0013042 3.7039
0.0013083 3.5831
0.0013125 3.4653
0.0013167 3.3474
0.0013208 3.2226
0.001325 3.096
0.0013292 2.9656
0.0013333 2.8286
0.0013375 2.6941
0.0013417 2.5602
0.0013458 2.4207
0.00135  2.28
0.0013542 2.1366
0.0013583 1.9881
0.0013625 1.8425
0.0013667 1.6991
0.0013708 1.5508
0.001375 1.4003
0.0013792 1.2489
0.0013833 1.0939
0.0013875 0.94115
0.0013917 0.79233
0.0013958 0.64229
0.0014 0.49118
0.0014042 0.34441
0.0014083 0.20074
0.0014125 0.058797
0.0014167 -0.080529
0.0014208 -0.21565
0.001425 -0.3479
0.0014292 -0.48188
0.0014333 -0.61502
0.0014375 -0.74447
0.0014417 -0.87498
0.0014458 -1.0075
0.00145 -1.1387
0.0014542 -1.271
0.0014583 -1.4036
0.0014625 -1.5331
0.0014667 -1.6622
0.0014708 -1.7924
0.001475 -1.9214
0.0014792 -2.0495
0.0014833 -2.1771
0.0014875 -2.3025
0.0014917 -2.4263
0.0014958 -2.5498
0.0015 -2.6726
0.0015042 -2.7945
0.0015083 -2.9151
0.0015125 -3.0334
0.0015167 -3.1502
0.0015208 -3.2654
0.001525 -3.3792
0.0015292 -3.4911
0.0015333 -3.601
0.0015375 -3.7097
0.0015417 -3.8166
0.0015458 -3.9202
0.00155 -4.0213
0.0015542 -4.1202
0.0015583 -4.2157
0.0015625 -4.3096
0.0015667 -4.4016
0.0015708 -4.4898
0.001575 -4.5758
0.0015792 -4.6591
0.0015833 -4.7384
0.0015875 -4.8165
0.0015917 -4.8926
0.0015958 -4.9634
0.0016 -5.0314
0.0016042 -5.0957
0.0016083 -5.1548
0.0016125 -5.2133
0.0016167 -5.2691
0.0016208 -5.3182
0.001625 -5.3647
0.0016292 -5.4069
0.0016333 -5.4429
0.0016375 -5.4789
0.0016417 -5.5127
0.0016458 -5.5395
0.00165 -5.5634
0.0016542 -5.5827
0.0016583 -5.5957
0.0016625 -5.6092
0.0016667 -5.6204
0.0016708 -5.6241
0.001675 -5.6252
0.0016792 -5.6205
0.0016833 -5.6089
0.0016875 -5.5992
0.0016917 -5.5867
0.0016958 -5.5658
0.0017 -5.5426
0.0017042 -5.5117
0.0017083 -5.4735
0.0017125 -5.4394
0.0017167 -5.4032
0.0017208 -5.3587
0.001725 -5.3118
0.0017292 -5.2554
0.0017333 -5.1915
0.0017375 -5.1335
0.0017417 -5.0705
0.0017458 -5.0013
0.00175 -4.9348
0.0017542 -4.8607
0.0017583 -4.7793
0.0017625 -4.7022
0.0017667 -4.6146
0.0017708 -4.519
0.001775 -4.43
0.0017792 -4.336
0.0017833 -4.2337
0.0017875 -4.1328
0.0017917 -4.0269
0.0017958 -3.9138
0.0018 -3.8035
0.0018042 -3.693
0.0018083 -3.5751
0.0018125 -3.4552
0.0018167 -3.3314
0.0018208 -3.2012
0.001825 -3.0739
0.0018292 -2.9465
0.0018333 -2.8126
0.0018375 -2.6774
0.0018417 -2.5389
0.0018458 -2.3948
0.00185 -2.2538
0.0018542 -2.1136
0.0018583 -1.9683
0.0018625 -1.8219
0.0018667 -1.6737
0.0018708 -1.5214
0.001875 -1.3717
0.0018792 -1.2254
0.0018833 -1.0757
0.0018875 -0.92383
0.0018917 -0.77375
0.0018958 -0.62267
0.0019 -0.47307
0.0019042 -0.32833
0.0019083 -0.18712
0.0019125 -0.047164
0.0019167 0.090313
0.0019208 0.22403
0.001925 0.35516
0.0019292 0.48653
0.0019333 0.61795
0.0019375 0.74765
0.0019417 0.87931
0.0019458 1.0118
0.00195 1.141
0.0019542 1.2705
0.0019583 1.4018
0.0019625 1.5323
0.0019667 1.6626
0.0019708 1.7925
0.001975 1.9195
0.0019792 2.046
0.0019833 2.1728
0.0019875 2.2983
0.0019917 2.4229
0.0019958 2.5466
0.002 2.6679
0.0020042 2.7877
0.0020083 2.9063
0.0020125 3.0236
0.0020167 3.1394
0.0020208 3.2533
0.002025 3.3654
0.0020292 3.4761
0.0020333 3.5848
0.0020375 3.6915
0.0020417 3.7962
0.0020458 3.8985
0.00205 3.9996
0.0020542 4.0985
0.0020583 4.1934
0.0020625 4.286
0.0020667 4.3761
0.0020708 4.4627
0.002075 4.5479
0.0020792 4.6312
0.0020834 4.7105
0.0020875 4.7876
0.0020917 4.8613
0.0020959  4.93
0.0021 4.9979
0.0021042 5.0635
0.0021084 5.123
0.0021125 5.1799
0.0021167 5.233
0.0021209 5.2807
0.002125 5.3283
0.0021292 5.3735
0.0021334 5.4118
0.0021375 5.4475
0.0021417 5.4792
0.0021459 5.5044
0.00215 5.5294
0.0021542 5.5516
0.0021584 5.5663
0.0021625 5.5785
0.0021667 5.5858
0.0021709 5.5868
0.002175 5.5891
0.0021792 5.5891
0.0021834 5.5815
0.0021875 5.5719
0.0021917 5.5543
0.0021959 5.529
0.0022 5.5076
0.0022042 5.4836
0.0022084 5.4514
0.0022125 5.4171
0.0022167 5.3738
0.0022209 5.3239
0.002225  5.28
0.0022292 5.2324
0.0022334 5.1767
0.0022375 5.1206
0.0022417 5.0552
0.0022459 4.9825
0.00225 4.9158
0.0022542 4.8438
0.0022584 4.7651
0.0022625 4.6894
0.0022667 4.6082
0.0022709 4.519
0.002275 4.4318
0.0022792 4.336
0.0022834 4.2326
0.0022875 4.1349
0.0022917 4.0357
0.0022959 3.928
0.0023 3.8182
0.0023042 3.7039
0.0023084 3.5831
0.0023125 3.4653
0.0023167 3.3474
0.0023209 3.2226
0.002325 3.096
0.0023292 2.9656
0.0023334 2.8286
0.0023375 2.6941
0.0023417 2.5602
0.0023459 2.4207
0.00235  2.28
0.0023542 2.1366
0.0023584 1.9881
0.0023625 1.8425
0.0023667 1.6991
0.0023709 1.5508
0.002375 1.4003
0.0023792 1.2489
0.0023834 1.0939
0.0023875 0.94115
0.0023917 0.79233
0.0023959 0.64229
0.0024 0.49118
0.0024042 0.34441
0.0024084 0.20074
0.0024125 0.058797
0.0024167 -0.080529
0.0024209 -0.21565
0.002425 -0.3479
0.0024292 -0.48188
0.0024334 -0.61502
0.0024375 -0.74447
0.0024417 -0.87498
0.0024459 -1.0075
0.00245 -1.1387
0.0024542 -1.271
0.0024584 -1.4036
0.0024625 -1.5331
0.0024667 -1.6622
0.0024709 -1.7924
0.002475 -1.9214
0.0024792 -2.0495
0.0024834 -2.1771
0.0024875 -2.3025
0.0024917 -2.4263
0.0024959 -2.5498
0.0025 -2.6726
0.0025042 -2.7945
0.0025084 -2.9151
0.0025125 -3.0334
0.0025167 -3.1502
0.0025209 -3.2654
0.002525 -3.3792
0.0025292 -3.4911
0.0025334 -3.601
0.0025375 -3.7097
0.0025417 -3.8166
0.0025459 -3.9202
0.00255 -4.0213
0.0025542 -4.1202
0.0025584 -4.2157
0.0025625 -4.3096
0.0025667 -4.4016
0.0025709 -4.4898
0.002575 -4.5758
0.0025792 -4.6591
0.0025834 -4.7384
0.0025875 -4.8165
0.0025917 -4.8926
0.0025959 -4.9634
0.0026 -5.0314
0.0026042 -5.0957
0.0026084 -5.1548
0.0026125 -5.2133
0.0026167 -5.2691
0.0026209 -5.3182
0.002625 -5.3647
0.0026292 -5.4069
0.0026334 -5.4429
0.0026375 -5.4789
0.0026417 -5.5127
0.0026459 -5.5395
0.00265 -5.5634
0.0026542 -5.5827
0.0026584 -5.5957
0.0026625 -5.6092
0.0026667 -5.6204
0.0026709 -5.6241
0.002675 -5.6252
0.0026792 -5.6205
0.0026834 -5.6089
0.0026875 -5.5992
0.0026917 -5.5867
0.0026959 -5.5658
0.0027 -5.5426
0.0027042 -5.5117
0.0027084 -5.4735
0.0027125 -5.4394
0.0027167 -5.4032
0.0027209 -5.3587
0.002725 -5.3118
0.0027292 -5.2554
0.0027334 -5.1915
0.0027375 -5.1335
0.0027417 -5.0705
0.0027459 -5.0013
0.00275 -4.9348
0.0027542 -4.8607
0.0027584 -4.7793
0.0027625 -4.7022
0.0027667 -4.6146
0.0027709 -4.519
0.002775 -4.43
0.0027792 -4.336
0.0027834 -4.2337
0.0027875 -4.1328
0.0027917 -4.0269
0.0027959 -3.9138
0.0028 -3.8035
0.0028042 -3.693
0.0028084 -3.5751
0.0028125 -3.4552
0.0028167 -3.3314
0.0028209 -3.2012
0.002825 -3.0739
0.0028292 -2.9465
0.0028334 -2.8126
0.0028375 -2.6774
0.0028417 -2.5389
0.0028459 -2.3948
0.00285 -2.2538
0.0028542 -2.1136
0.0028584 -1.9683
0.0028625 -1.8219
0.0028667 -1.6737
0.0028709 -1.5214
0.002875 -1.3717
0.0028792 -1.2254
0.0028834 -1.0757
0.0028875 -0.92383
0.0028917 -0.77375
0.0028959 -0.62267
0.0029 -0.47307
0.0029042 -0.32833
0.0029084 -0.18712
0.0029125 -0.047164
0.0029167 0.090313
0.0029209 0.22403
0.002925 0.35516
0.0029292 0.48653
0.0029334 0.61795
0.0029375 0.74765
0.0029417 0.87931
0.0029459 1.0118
0.00295 1.141
0.0029542 1.2705
0.0029584 1.4018
0.0029625 1.5323
0.0029667 1.6626
0.0029709 1.7925
0.002975 1.9195
0.0029792 2.046
0.0029834 2.1728
0.0029875 2.2983
0.0029917 2.4229
0.0029959 2.5466
0.003 2.6679
0.0030042 2.7877
0.0030084 2.9063
0.0030125 3.0236
0.0030167 3.1394
0.0030209 3.2533
0.003025 3.3654
0.0030292 3.4761
0.0030334 3.5848
0.0030375 3.6915
0.0030417 3.7962
0.0030459 3.8985
0.00305 3.9996
0.0030542 4.0985
0.0030584 4.1934
0.0030625 4.286
0.0030667 4.3761
0.0030709 4.4627
0.003075 4.5479
0.0030792 4.6312
0.0030834 4.7105
0.0030875 4.7876
0.0030917 4.8613
0.0030959  4.93
0.0031 4.9979
0.0031042 5.0635
0.0031084 5.123
0.0031125 5.1799
0.0031167 5.233
0.0031209 5.2807
0.003125 5.3283
0.0031292 5.3735
0.0031334 5.4118
0.0031375 5.4475
0.0031417 5.4792
0.0031459 5.5044
0.00315 5.5294
0.0031542 5.5516
0.0031584 5.5663
0.0031625 5.5785
0.0031667 5.5858
0.0031709 5.5868
0.003175 5.5891
0.0031792 5.5891
0.0031834 5.5815
0.0031875 5.5719
0.0031917 5.5543
0.0031959 5.529
0.0032 5.5076
0.0032042 5.4836
0.0032084 5.4514
0.0032125 5.4171
0.0032167 5.3738
0.0032209 5.3239
0.003225  5.28
0.0032292 5.2324
0.0032334 5.1767
0.0032375 5.1206
0.0032417 5.0552
0.0032459 4.9825
0.00325 4.9158
0.0032542 4.8438
0.0032584 4.7651
0.0032625 4.6894
0.0032667 4.6082
0.0032709 4.519
0.003275 4.4318
0.0032792 4.336
0.0032834 4.2326
0.0032875 4.1349
0.0032917 4.0357
0.0032959 3.928
0.0033 3.8182
0.0033042 3.7039
0.0033084 3.5831
0.0033125 3.4653
0.0033167 3.3474
0.0033209 3.2226
0.003325 3.096
0.0033292 2.9656
0.0033334 2.8286
0.0033375 2.6941
0.0033417 2.5602
0.0033459 2.4207
0.00335  2.28
0.0033542 2.1366
0.0033584 1.9881
0.0033625 1.8425
0.0033667 1.6991
0.0033709 1.5508
0.003375 1.4003
0.0033792 1.2489
0.0033834 1.0939
0.0033875 0.94115
0.0033917 0.79233
0.0033959 0.64229
0.0034 0.49118
0.0034042 0.34441
0.0034084 0.20074
0.0034125 0.058797
0.0034167 -0.080529
0.0034209 -0.21565
0.003425 -0.3479
0.0034292 -0.48188
0.0034334 -0.61502
0.0034375 -0.74447
0.0034417 -0.87498
0.0034459 -1.0075
0.00345 -1.1387
0.0034542 -1.271
0.0034584 -1.4036
0.0034625 -1.5331
0.0034667 -1.6622
0.0034709 -1.7924
0.003475 -1.9214
0.0034792 -2.0495
0.0034834 -2.1771
0.0034875 -2.3025
0.0034917 -2.4263
0.0034959 -2.5498
0.0035 -2.6726
0.0035042 -2.7945
0.0035084 -2.9151
0.0035125 -3.0334
0.0035167 -3.1502
0.0035209 -3.2654
0.003525 -3.3792
0.0035292 -3.4911
0.0035334 -3.601
0.0035375 -3.7097
0.0035417 -3.8166
0.0035459 -3.9202
0.00355 -4.0213
0.0035542 -4.1202
0.0035584 -4.2157
0.0035625 -4.3096
0.0035667 -4.4016
0.0035709 -4.4898
0.003575 -4.5758
0.0035792 -4.6591
0.0035834 -4.7384
0.0035875 -4.8165
0.0035917 -4.8926
0.0035959 -4.9634
0.0036 -5.0314
0.0036042 -5.0957
0.0036084 -5.1548
0.0036125 -5.2133
0.0036167 -5.2691
0.0036209 -5.3182
0.003625 -5.3647
0.0036292 -5.4069
0.0036334 -5.4429
0.0036375 -5.4789
0.0036417 -5.5127
0.0036459 -5.5395
0.00365 -5.5634
0.0036542 -5.5827
0.0036584 -5.5957
0.0036625 -5.6092
0.0036667 -5.6204
0.0036709 -5.6241
0.003675 -5.6252
0.0036792 -5.6205
0.0036834 -5.6089
0.0036875 -5.5992
0.0036917 -5.5867
0.0036959 -5.5658
0.0037 -5.5426
0.0037042 -5.5117
0.0037084 -5.4735
0.0037125 -5.4394
0.0037167 -5.4032
0.0037209 -5.3587
0.003725 -5.3118
0.0037292 -5.2554
0.0037334 -5.1915
0.0037375 -5.1335
0.0037417 -5.0705
0.0037459 -5.0013
0.00375 -4.9348
0.0037542 -4.8607
0.0037584 -4.7793
0.0037625 -4.7022
0.0037667 -4.6146
0.0037709 -4.519
0.003775 -4.43
0.0037792 -4.336
0.0037834 -4.2337
0.0037875 -4.1328
0.0037917 -4.0269
0.0037959 -3.9138
0.0038 -3.8035
0.0038042 -3.693
0.0038084 -3.5751
0.0038125 -3.4552
0.0038167 -3.3314
0.0038209 -3.2012
0.003825 -3.0739
0.0038292 -2.9465
0.0038334 -2.8126
0.0038375 -2.6774
0.0038417 -2.5389
0.0038459 -2.3948
0.00385 -2.2538
0.0038542 -2.1136
0.0038584 -1.9683
0.0038625 -1.8219
0.0038667 -1.6737
0.0038709 -1.5214
0.003875 -1.3717
0.0038792 -1.2254
0.0038834 -1.0757
0.0038875 -0.92383
0.0038917 -0.77375
0.0038959 -0.62267
0.0039 -0.47307
0.0039042 -0.32833
0.0039084 -0.18712
0.0039125 -0.047164
0.0039167 0.090313
0.0039209 0.22403
0.003925 0.35516
0.0039292 0.48653
0.0039334 0.61795
0.0039375 0.74765
0.0039417 0.87931
0.0039459 1.0118
0.00395 1.141
0.0039542 1.2705
0.0039584 1.4018
0.0039625 1.5323
0.0039667 1.6626
0.0039709 1.7925
0.003975 1.9195
0.0039792 2.046
0.0039834 2.1728
0.0039875 2.2983
0.0039917 2.4229
0.0039959 2.5466
0.004 2.6679
0.0040042 2.7877
0.0040084 2.9063
0.0040125 3.0236
0.0040167 3.1394
0.0040209 3.2533
0.004025 3.3654
0.0040292 3.4761
0.0040334 3.5848
0.0040375 3.6915
0.0040417 3.7962
0.0040459 3.8985
0.00405 3.9996
0.0040542 4.0985
0.0040584 4.1934
0.0040625 4.286
0.0040667 4.3761
0.0040709 4.4627
0.004075 4.5479
0.0040792 4.6312
0.0040834 4.7105
0.0040875 4.7876
0.0040917 4.8613
0.0040959  4.93
0.0041 4.9979
0.0041042 5.0635
0.0041084 5.123
0.0041125 5.1799
0.0041167 5.233
0.0041209 5.2807
0.004125 5.3283
0.0041292 5.3735
0.0041334 5.4118
0.0041375 5.4475
0.0041417 5.4792
0.0041459 5.5044
0.00415 5.5294
0.0041542 5.5516
0.0041584 5.5663
0.0041625 5.5785
0.0041667 5.5858
0.0041709 5.5868
0.004175 5.5891
0.0041792 5.5891
0.0041834 5.5815
0.0041875 5.5719
0.0041917 5.5543
0.0041959 5.529
0.0042 5.5076
0.0042042 5.4836
0.0042084 5.4514
0.0042125 5.4171
0.0042167 5.3738
0.0042209 5.3239
0.004225  5.28
0.0042292 5.2324
0.0042334 5.1767
0.0042375 5.1206
0.0042417 5.0552
0.0042459 4.9825
0.00425 4.9158
0.0042542 4.8438
0.0042584 4.7651
0.0042625 4.6894
0.0042667 4.6082
0.0042709 4.519
0.004275 4.4318
0.0042792 4.336
0.0042834 4.2326
0.0042875 4.1349
0.0042917 4.0357
0.0042959 3.928
0.0043 3.8182
0.0043042 3.7039
0.0043084 3.5831
0.0043125 3.4653
0.0043167 3.3474
0.0043209 3.2226
0.004325 3.096
0.0043292 2.9656
0.0043334 2.8286
0.0043375 2.6941
0.0043417 2.5602
0.0043459 2.4207
0.00435  2.28
0.0043542 2.1366
0.0043584 1.9881
0.0043625 1.8425
0.0043667 1.6991
0.0043709 1.5508
0.004375 1.4003
0.0043792 1.2489
0.0043834 1.0939
0.0043875 0.94115
0.0043917 0.79233
0.0043959 0.64229
0.0044 0.49118
0.0044042 0.34441
0.0044084 0.20074
0.0044125 0.058797
0.0044167 -0.080529
0.0044209 -0.21565
0.004425 -0.3479
0.0044292 -0.48188
0.0044334 -0.61502
0.0044375 -0.74447
0.0044417 -0.87498
0.0044459 -1.0075
0.00445 -1.1387
0.0044542 -1.271
0.0044584 -1.4036
0.0044625 -1.5331
0.0044667 -1.6622
0.0044709 -1.7924
0.004475 -1.9214
0.0044792 -2.0495
0.0044834 -2.1771
0.0044875 -2.3025
0.0044917 -2.4263
0.0044959 -2.5498
0.0045 -2.6726
0.0045042 -2.7945
0.0045084 -2.9151
0.0045125 -3.0334
0.0045167 -3.1502
0.0045209 -3.2654
0.004525 -3.3792
0.0045292 -3.4911
0.0045334 -3.601
0.0045375 -3.7097
0.0045417 -3.8166
0.0045459 -3.9202
0.00455 -4.0213
0.0045542 -4.1202
0.0045584 -4.2157
0.0045625 -4.3096
0.0045667 -4.4016
0.0045709 -4.4898
0.004575 -4.5758
0.0045792 -4.6591
0.0045834 -4.7384
0.0045875 -4.8165
0.0045917 -4.8926
0.0045959 -4.9634
0.0046 -5.0314
0.0046042 -5.0957
0.0046084 -5.1548
0.0046125 -5.2133
0.0046167 -5.2691
0.0046209 -5.3182
0.004625 -5.3647
0.0046292 -5.4069
0.0046334 -5.4429
0.0046375 -5.4789
0.0046417 -5.5127
0.0046459 -5.5395
0.00465 -5.5634
0.0046542 -5.5827
0.0046584 -5.5957
0.0046625 -5.6092
0.0046667 -5.6204
0.0046709 -5.6241
0.004675 -5.6252
0.0046792 -5.6205
0.0046834 -5.6089
0.0046875 -5.5992
0.0046917 -5.5867
0.0046959 -5.5658
0.0047 -5.5426
0.0047042 -5.5117
0.0047084 -5.4735
0.0047125 -5.4394
0.0047167 -5.4032
0.0047209 -5.3587
0.004725 -5.3118
0.0047292 -5.2554
0.0047334 -5.1915
0.0047375 -5.1335
0.0047417 -5.0705
0.0047459 -5.0013
0.00475 -4.9348
0.0047542 -4.8607
0.0047584 -4.7793
0.0047625 -4.7022
0.0047667 -4.6146
0.0047709 -4.519
0.004775 -4.43
0.0047792 -4.336
0.0047834 -4.2337
0.0047875 -4.1328
0.0047917 -4.0269
0.0047959 -3.9138
0.0048 -3.8035
0.0048042 -3.693
0.0048084 -3.5751
0.0048125 -3.4552
0.0048167 -3.3314
0.0048209 -3.2012
0.004825 -3.0739
0.0048292 -2.9465
0.0048334 -2.8126
0.0048375 -2.6774
0.0048417 -2.5389
0.0048459 -2.3948
0.00485 -2.2538
0.0048542 -2.1136
0.0048584 -1.9683
0.0048625 -1.8219
0.0048667 -1.6737
0.0048709 -1.5214
0.004875 -1.3717
0.0048792 -1.2254
0.0048834 -1.0757
0.0048875 -0.92383
0.0048917 -0.77375
0.0048959 -0.62267
0.0049 -0.47307
0.0049042 -0.32833
0.0049084 -0.18712
0.0049125 -0.047164
0.0049167 0.090313
0.0049209 0.22403
0.004925 0.35516
0.0049292 0.48653
0.0049334 0.61795
0.0049375 0.74765
0.0049417 0.87931
0.0049459 1.0118
0.00495 1.141
0.0049542 1.2705
0.0049584 1.4018
0.0049625 1.5323
0.0049667 1.6626
0.0049709 1.7925
0.004975 1.9195
0.0049792 2.046
0.0049834 2.1728
0.0049875 2.2983
0.0049917 2.4229
0.0049959 2.5466
