    0 -0.00777
2.5e-06 -0.023859
5e-06 -0.002611
7.5e-06 -0.006016
1e-05 -0.008358
1.25e-05 -0.018041
1.5e-05 -0.071143
1.75e-05 -0.063225
2e-05 -0.048224
2.25e-05 0.014426
2.5e-05 -0.004768
2.75e-05 -0.000589
3e-05 -0.02176
3.25e-05 0.00336
3.5e-05 0.009875
3.75e-05 0.016429
4e-05 0.035341
4.25e-05 0.043481
4.5e-05 -0.016186
4.75e-05 0.000282
5e-05 0.031033
5.25e-05 0.046822
5.5e-05 0.009933
5.75e-05 0.03703
6e-05 0.069652
6.25e-05 -0.021485
6.5e-05 -0.037811
6.75e-05 0.021043
7e-05 0.071584
7.25e-05 0.016902
7.5e-05 5.4011
7.75e-05 29.175
8e-05 14.994
8.25e-05 12.585
8.5e-05 12.611
8.75e-05 12.544
9e-05 12.532
9.25e-05 12.538
9.5e-05 12.525
9.75e-05 12.535
0.0001 12.501
0.0001025 12.495
0.000105 12.49
0.0001075 12.439
0.00011 12.422
0.0001125 12.38
0.000115 12.34
0.0001175 12.309
0.00012 12.325
0.0001225 12.281
0.000125 12.265
0.0001275 12.235
0.00013 12.268
0.0001325 12.247
0.000135 12.27
0.0001375 12.189
0.00014 12.215
0.0001425 12.199
0.000145 12.207
0.0001475 12.209
0.00015 2.2206
0.0001525 -19.816
0.000155 -12.707
0.0001575 -12.278
0.00016 -12.269
0.0001625 -12.23
0.000165 -12.152
0.0001675 -12.175
0.00017 -12.17
0.0001725 -12.163
0.000175 -12.13
0.0001775 -12.173
0.00018 -12.12
0.0001825 -12.09
0.000185 -12.043
0.0001875 -12.068
0.00019 -12.113
0.0001925 -12.089
0.000195 -12.07
0.0001975 -12.048
0.0002 -11.978
0.0002025 -11.981
0.000205 -11.995
0.0002075 -12.007
0.00021 -12.033
0.0002125 -12.021
0.000215 -11.942
0.0002175 -11.916
0.00022 -11.963
0.0002225 -11.951
0.000225 -11.902
0.0002275 -11.919
0.00023 -11.836
0.0002325 -11.836
0.000235 -11.825
0.0002375 -11.754
0.00024 -11.779
0.0002425 -11.83
0.000245 -11.811
0.0002475 -11.787
0.00025 -11.746
0.0002525 -11.789
0.000255 -11.808
0.0002575 -11.777
0.00026 -11.805
0.0002625 -11.821
0.000265 -11.778
0.0002675 -11.702
0.00027 -11.685
0.0002725 -11.677
0.000275 -11.694
0.0002775 -11.692
0.00028 -11.644
0.0002825 -11.656
0.000285 -11.624
0.0002875 -11.622
0.00029 -11.591
0.0002925 -11.573
0.000295 -11.553
0.0002975 -11.583
0.0003 -1.5021
0.0003025 20.386
0.000305 12.983
0.0003075 12.683
0.00031 12.656
0.0003125 12.613
0.000315 12.638
0.0003175 12.605
0.00032 12.621
0.0003225 12.582
0.000325 12.535
0.0003275 12.548
0.00033 12.524
0.0003325 12.528
0.000335 12.49
0.0003375  12.5
0.00034 12.459
0.0003425 12.399
0.000345 12.41
0.0003475  12.4
0.00035 12.338
0.0003525 12.329
0.000355 12.401
0.0003575 12.352
0.00036 12.345
0.0003625 12.284
0.000365 12.285
0.0003675 12.297
0.00037 12.307
0.0003725 12.306
0.000375 3.8891
0.0003775 -16.955
0.00038 -1.7339
0.0003825 -0.48074
0.000385 -0.50955
0.0003875 -0.49566
0.00039 -0.46667
0.0003925 -0.48972
0.000395 -0.51455
0.0003975 -0.5635
0.0004 -0.59799
0.0004025 -0.49761
0.000405 -0.53909
0.0004075 -0.47648
0.00041 -0.46717
0.0004125 -0.45529
0.000415 -0.43038
0.0004175 -0.44116
0.00042 -0.3706
0.0004225 -0.33624
0.000425 -0.31636
0.0004275 -0.27409
0.00043 -0.27954
0.0004325 -0.3388
0.000435 -0.33322
0.0004375 -0.33827
0.00044 -0.31476
0.0004425 -0.28956
0.000445 -0.24404
0.0004475 -0.28565
0.00045 -0.26082
0.0004525 -0.27862
0.000455 -0.26573
0.0004575 -0.27404
0.00046 -0.23165
0.0004625 -0.19566
0.000465 -0.19466
0.0004675 -0.19191
0.00047 -0.13559
0.0004725 -0.16134
0.000475 -0.10009
0.0004775 -0.069612
0.00048 -0.086976
0.0004825 -0.12984
0.000485 -0.13144
0.0004875 -0.11989
0.00049 -0.144
0.0004925 -0.15886
0.000495 -0.17576
0.0004975 -0.19905
0.0005 -0.17146
0.0005025 -0.12462
0.000505 -0.11645
0.0005075 -0.16666
0.00051 -0.10794
0.0005125 -0.098265
0.000515 -0.11204
0.0005175 -0.08574
0.00052 -0.10374
0.0005225 -0.11439
0.000525 -0.017203
0.0005275 -0.035776
0.00053 -0.047968
0.0005325 -0.068064
0.000535 -0.032218
0.0005375 -0.022086
0.00054 -0.055673
0.0005425 -0.036473
0.000545 -0.060224
0.0005475 -0.079219
0.00055 -0.096461
0.0005525 -0.090432
0.000555 -0.02441
0.0005575 0.002016
0.00056 0.01294
0.0005625 -0.010284
0.000565 -0.067456
0.0005675 -0.12339
0.00057 -0.093926
0.0005725 -0.075116
0.000575 -0.08304
0.0005775 -0.031424
0.00058 -0.045491
0.0005825 -0.12216
0.000585 -0.083942
0.0005875 -0.057351
0.00059 -0.063993
0.0005925 -0.081683
0.000595 -0.092268
0.0005975 -0.039149
0.0006 0.006061
0.0006025 -0.035885
0.000605 -0.019008
0.0006075 -0.035865
0.00061 0.015533
0.0006125 -0.054413
0.000615 -0.072397
0.0006175 -0.098668
0.00062 -0.052544
0.0006225 -0.046221
0.000625 0.01623
0.0006275 0.039149
0.00063 0.012966
0.0006325 -0.018649
0.000635 0.013651
0.0006375 -0.00512
0.00064 -0.030317
0.0006425 -0.031315
0.000645 -0.027501
0.0006475 -0.090144
0.00065 -0.065638
0.0006525 -0.1036
0.000655 -0.11653
0.0006575 -0.061811
0.00066 -0.10868
0.0006625 -0.10015
0.000665 -0.14294
0.0006675 -0.056569
0.00067 0.023001
0.0006725 -0.040358
0.000675 -0.078105
0.0006775 -0.041926
0.00068 -0.043572
0.0006825 -0.025453
0.000685 -0.050009
0.0006875 -0.066074
0.00069 0.004838
0.0006925 0.011354
0.000695 -0.003296
0.0006975 0.031392
0.0007 0.004928
0.0007025 -0.020563
0.000705 -0.037351
0.0007075 -0.026548
0.00071 -0.032743
0.0007125 -0.028838
0.000715 -0.023949
0.0007175 -0.008429
0.00072 -0.013389
0.0007225 -0.029619
0.000725 -0.023558
0.0007275 -0.027904
0.00073 0.008992
0.0007325 0.019846
0.000735 0.017069
0.0007375 0.015648
0.00074 -0.020851
0.0007425 -0.041804
0.000745 -0.0744
0.0007475 -0.058144
