    0 0.011642
2.5e-06 0.012709
5e-06 0.013771
7.5e-06 0.015903
1e-05 0.016434
1.25e-05 0.013239
1.5e-05 0.014837
1.75e-05 0.018564
2e-05 0.019094
2.25e-05 0.014837
2.5e-05 0.01111
2.75e-05 0.01111
3e-05 0.013239
3.25e-05 0.01111
3.5e-05 0.009514
3.75e-05 0.008982
4e-05 0.006853
4.25e-05 0.010048
4.5e-05 0.008448
4.75e-05 0.005253
5e-05 0.002058
5.25e-05 0.005253
5.5e-05 0.005253
5.75e-05 0.005787
6e-05 0.005253
6.25e-05 0.003658
6.5e-05 0.005253
6.75e-05 0.004721
7e-05 0.003658
7.25e-05 0.005787
7.5e-05 0.005787
7.75e-05 -0.10175
8e-05 -0.79385
8.25e-05 -1.3188
8.5e-05 -1.7809
8.75e-05 -2.21
9e-05 -2.613
9.25e-05 -3.0043
9.5e-05 -3.3796
9.75e-05 -3.7459
0.0001 -4.1053
0.0001025 -4.4593
0.000105 -4.8048
0.0001075 -5.1482
0.00011 -5.4884
0.0001125 -5.8248
0.000115 -6.1581
0.0001175 -6.4866
0.00012 -6.8172
0.0001225 -7.143
0.000125 -7.4646
0.0001275 -7.7883
0.00013 -8.1077
0.0001325 -8.4239
0.000135 -8.7332
0.0001375 -9.041
0.00014 -9.3492
0.0001425 -9.6553
0.000145 -9.9609
0.0001475 -10.265
0.00015 -10.568
0.0001525 -10.317
0.000155 -9.2992
0.0001575 -8.5453
0.00016 -7.9054
0.0001625 -7.3309
0.000165 -6.7996
0.0001675 -6.2997
0.00017 -5.8259
0.0001725 -5.3702
0.000175 -4.9299
0.0001775 -4.496
0.00018 -4.0723
0.0001825 -3.6565
0.000185 -3.2503
0.0001875 -2.8536
0.00019 -2.4645
0.0001925 -2.0753
0.000195 -1.693
0.0001975 -1.3156
0.0002 -0.9328
0.0002025 -0.55747
0.000205 -0.18747
0.0002075 0.17775
0.00021 0.53817
0.0002125 0.89273
0.000215 1.2452
0.0002175 1.5955
0.00022 1.9442
0.0002225 2.2924
0.000225 2.632
0.0002275 2.968
0.00023 3.3044
0.0002325 3.6372
0.000235 3.9662
0.0002375 4.2968
0.00024 4.6237
0.0002425 4.9537
0.000245 5.2753
0.0002475 5.5958
0.00025 5.9157
0.0002525 6.2378
0.000255 6.5541
0.0002575 6.866
0.00026 7.1754
0.0002625 7.482
0.000265 7.7913
0.0002675 8.0958
0.00027 8.3988
0.0002725 8.7001
0.000275 8.9945
0.0002775 9.2868
0.00028 9.5785
0.0002825 9.8708
0.000285 10.158
0.0002875 10.443
0.00029 10.724
0.0002925 11.002
0.000295 11.279
0.0002975 11.558
0.0003 11.838
0.0003025 11.57
0.000305 10.582
0.0003075 9.8554
0.00031 9.2367
0.0003125 8.6841
0.000315 8.1704
0.0003175 7.6864
0.00032 7.2217
0.0003225 6.7755
0.000325 6.3416
0.0003275 5.9184
0.00033   5.5
0.0003325 5.0937
0.000335 4.6902
0.0003375 4.2883
0.00034  3.89
0.0003425 3.5003
0.000345 3.1144
0.0003475  2.73
0.00035 2.3504
0.0003525 1.9713
0.000355 1.596
0.0003575 1.2196
0.00036 0.84801
0.0003625 0.47907
0.000365 0.1128
0.0003675 -0.24922
0.00037 -0.61071
0.0003725 -0.96953
0.000375 -1.3262
0.0003775 -1.4673
0.00038 -1.1537
0.0003825 -0.98551
0.000385 -0.87317
0.0003875 -0.79491
0.00039 -0.73635
0.0003925 -0.68684
0.000395 -0.65224
0.0003975 -0.62402
0.0004 -0.599
0.0004025 -0.57823
0.000405 -0.56173
0.0004075 -0.54736
0.00041 -0.53671
0.0004125 -0.52819
0.000415 -0.52074
0.0004175 -0.50956
0.00042 -0.49785
0.0004225 -0.48986
0.000425 -0.48666
0.0004275 -0.484
0.00043 -0.48081
0.0004325 -0.47815
0.000435 -0.47335
0.0004375 -0.46857
0.00044 -0.4643
0.0004425 -0.46111
0.000445 -0.45632
0.0004475 -0.45472
0.00045 -0.45472
0.0004525 -0.45259
0.000455 -0.45153
0.0004575 -0.451
0.00046 -0.44887
0.0004625 -0.44567
0.000465 -0.44141
0.0004675 -0.43822
0.00047 -0.43982
0.0004725 -0.43928
0.000475 -0.43609
0.0004775 -0.43396
0.00048 -0.43183
0.0004825 -0.42864
0.000485 -0.4281
0.0004875 -0.4297
0.00049 -0.42491
0.0004925 -0.42065
0.000495 -0.41958
0.0004975 -0.41639
0.0005 -0.41213
0.0005025 -0.4116
0.000505 -0.4116
0.0005075 -0.40894
0.00051 -0.40415
0.0005125 -0.40095
0.000515 -0.39723
0.0005175 -0.39616
0.00052 -0.39669
0.0005225 -0.39936
0.000525 -0.39882
0.0005275 -0.39776
0.00053 -0.3951
0.0005325 -0.39563
0.000535 -0.3935
0.0005375 -0.39243
0.00054 -0.38871
0.0005425 -0.38126
0.000545 -0.377
0.0005475 -0.37593
0.00055 -0.3722
0.0005525 -0.36848
0.000555 -0.36635
0.0005575 -0.36954
0.00056 -0.37114
0.0005625 -0.36794
0.000565 -0.36635
0.0005675 -0.36422
0.00057 -0.36209
0.0005725 -0.36102
0.000575 -0.36102
0.0005775 -0.36156
0.00058 -0.36049
0.0005825 -0.35783
0.000585 -0.35676
0.0005875 -0.35144
0.00059 -0.35037
0.0005925 -0.35144
0.000595 -0.34984
0.0005975 -0.34931
0.0006 -0.35037
0.0006025 -0.34931
0.000605 -0.34665
0.0006075 -0.34345
0.00061 -0.34345
0.0006125 -0.34186
0.000615 -0.33866
0.0006175 -0.33866
0.00062 -0.34026
0.0006225 -0.34026
0.000625 -0.33813
0.0006275 -0.33653
0.00063 -0.33334
0.0006325 -0.33174
0.000635 -0.32961
0.0006375 -0.32801
0.00064 -0.32322
0.0006425 -0.31737
0.000645 -0.31364
0.0006475 -0.31204
0.00065 -0.31045
0.0006525 -0.31151
0.000655 -0.30832
0.0006575 -0.30246
0.00066 -0.29607
0.0006625 -0.29128
0.000665 -0.28649
0.0006675 -0.2849
0.00067 -0.28649
0.0006725 -0.28649
0.000675 -0.28276
0.0006775 -0.27851
0.00068 -0.27318
0.0006825 -0.26839
0.000685 -0.26626
0.0006875 -0.26839
0.00069 -0.26519
0.0006925 -0.2636
0.000695 -0.26306
0.0006975 -0.26306
0.0007 -0.26253
0.0007025 -0.25827
0.000705 -0.25721
0.0007075 -0.25242
0.00071 -0.25295
0.0007125 -0.25349
0.000715 -0.24763
0.0007175 -0.2439
0.00072 -0.24124
0.0007225 -0.23964
0.000725 -0.23751
0.0007275 -0.23911
0.00073 -0.23964
0.0007325 -0.24124
0.000735 -0.23964
0.0007375 -0.23964
0.00074 -0.23751
0.0007425 -0.23538
0.000745 -0.23379
0.0007475 -0.23272
