    0 0.05392
2.5e-06 0.024621
5e-06 0.067341
7.5e-06 0.061171
1e-05 0.083117
1.25e-05 0.002093
1.5e-05 0.033843
1.75e-05 0.027059
2e-05 -0.016934
2.25e-05 0.013914
2.5e-05 -0.011757
2.75e-05 0.016045
3e-05 -0.023738
3.25e-05 -0.013524
3.5e-05 0.002874
3.75e-05 -0.079059
4e-05 -0.042976
4.25e-05 -0.020525
4.5e-05 -0.097946
4.75e-05 -0.085907
5e-05 -0.12298
5.25e-05 -0.081638
5.5e-05 -0.035072
5.75e-05 0.022803
6e-05 0.026439
6.25e-05 0.043053
6.5e-05 -0.002631
6.75e-05 -0.062547
7e-05 -0.001722
7.25e-05 0.020416
7.5e-05 4.9279
7.75e-05 29.136
8e-05 15.304
8.25e-05 12.605
8.5e-05 12.577
8.75e-05 12.534
9e-05 12.505
9.25e-05 12.486
9.5e-05 12.501
9.75e-05 12.543
0.0001 12.512
0.0001025 12.436
0.000105 12.45
0.0001075  12.4
0.00011 12.336
0.0001125 12.364
0.000115 12.361
0.0001175 12.352
0.00012 12.307
0.0001225 12.296
0.000125 12.244
0.0001275 12.242
0.00013 12.242
0.0001325 12.285
0.000135 12.274
0.0001375 12.253
0.00014 12.204
0.0001425 12.156
0.000145 12.153
0.0001475 12.154
0.00015 2.8349
0.0001525 -19.748
0.000155 -12.716
0.0001575 -12.299
0.00016 -12.285
0.0001625 -12.301
0.000165 -12.308
0.0001675 -12.29
0.00017 -12.241
0.0001725 -12.246
0.000175 -12.269
0.0001775 -12.251
0.00018 -12.144
0.0001825 -12.111
0.000185 -12.121
0.0001875 -12.093
0.00019 -12.074
0.0001925 -12.078
0.000195 -12.079
0.0001975 -12.031
0.0002 -12.027
0.0002025 -12.015
0.000205 -11.968
0.0002075 -11.905
0.00021 -11.904
0.0002125 -11.9
0.000215 -11.891
0.0002175 -11.867
0.00022 -11.847
0.0002225 -11.875
0.000225 -11.865
0.0002275 -11.825
0.00023 -11.879
0.0002325 -11.81
0.000235 -11.86
0.0002375 -11.839
0.00024 -11.822
0.0002425 -11.785
0.000245 -11.808
0.0002475 -11.821
0.00025 -11.813
0.0002525 -11.81
0.000255 -11.799
0.0002575 -11.765
0.00026 -11.768
0.0002625 -11.751
0.000265 -11.723
0.0002675 -11.725
0.00027 -11.734
0.0002725 -11.726
0.000275 -11.686
0.0002775 -11.657
0.00028 -11.693
0.0002825 -11.651
0.000285 -11.6
0.0002875 -11.626
0.00029 -11.615
0.0002925 -11.673
0.000295 -11.672
0.0002975 -11.662
0.0003 -2.1268
0.0003025 20.376
0.000305 13.147
0.0003075 12.727
0.00031 12.765
0.0003125 12.724
0.000315 12.694
0.0003175 12.697
0.00032 12.707
0.0003225 12.635
0.000325 12.61
0.0003275 12.516
0.00033 12.496
0.0003325 12.446
0.000335 12.475
0.0003375 12.472
0.00034 12.439
0.0003425 12.364
0.000345 12.345
0.0003475 12.333
0.00035  12.3
0.0003525 12.327
0.000355 12.306
0.0003575 12.26
0.00036 12.245
0.0003625 12.231
0.000365 12.273
0.0003675 12.285
0.00037 12.271
0.0003725 12.224
0.000375 4.3669
0.0003775 -16.997
0.00038 -1.7849
0.0003825 -0.41696
0.000385 -0.44723
0.0003875 -0.42756
0.00039 -0.44183
0.0003925 -0.42204
0.000395 -0.35821
0.0003975 -0.33962
0.0004 -0.3071
0.0004025 -0.35389
0.000405 -0.30358
0.0004075 -0.33499
0.00041 -0.34928
0.0004125 -0.31983
0.000415 -0.30332
0.0004175 -0.29837
0.00042 -0.28587
0.0004225 -0.30641
0.000425 -0.31807
0.0004275 -0.33224
0.00043 -0.26216
0.0004325 -0.2615
0.000435 -0.26826
0.0004375 -0.24762
0.00044 -0.24705
0.0004425 -0.20556
0.000445 -0.22757
0.0004475 -0.2627
0.00045 -0.18945
0.0004525 -0.15878
0.000455 -0.17368
0.0004575 -0.21493
0.00046 -0.18573
0.0004625 -0.16116
0.000465 -0.13258
0.0004675 -0.15786
0.00047 -0.15794
0.0004725 -0.2431
0.000475 -0.22218
0.0004775 -0.19988
0.00048 -0.17622
0.0004825 -0.14916
0.000485 -0.18161
0.0004875 -0.1484
0.00049 -0.11903
0.0004925 -0.068813
0.000495 -0.066278
0.0004975 -0.12227
0.0005 -0.1357
0.0005025 -0.088403
0.000505 -0.046547
0.0005075 -0.090349
0.00051 -0.10021
0.0005125 -0.09024
0.000515 -0.064556
0.0005175 -0.044512
0.00052 -0.084096
0.0005225 -0.050361
0.000525 0.027245
0.0005275 -0.028954
0.00053 -0.084455
0.0005325 -0.12044
0.000535 -0.073542
0.0005375 -0.046105
0.00054 -0.009927
0.0005425 -0.01639
0.000545 -0.035366
0.0005475 -0.038848
0.00055 -0.051559
0.0005525 -0.096793
0.000555 -0.082368
0.0005575 -0.095706
0.00056 -0.054598
0.0005625 -0.086663
0.000565 -0.069184
0.0005675 -0.061203
0.00057 0.002452
0.0005725 -0.023111
0.000575 -0.007981
0.0005775 -0.056883
0.00058 -0.064403
0.0005825 0.003546
0.000585 -0.004941
0.0005875 -0.027866
0.00059 -0.03559
0.0005925 -0.008192
0.000595 0.034867
0.0005975 -0.024602
0.0006 -0.017421
0.0006025 0.005645
0.000605 0.007065
0.0006075 0.037568
0.00061 0.000166
0.0006125 -0.049037
0.000615 -0.015168
0.0006175 -0.006105
0.00062 -0.021536
0.0006225 -0.084045
0.000625 -0.11921
0.0006275 -0.078099
0.00063 -0.007072
0.0006325 -0.028768
0.000635 -0.056352
0.0006375 -0.02112
0.00064 -0.033472
0.0006425 -0.018797
0.000645 -0.004857
0.0006475 -0.031187
0.00065 -0.015347
0.0006525 -0.019725
0.000655 -0.057043
0.0006575 -0.045017
0.00066 -0.0259
0.0006625 -0.055341
0.000665 -0.11194
0.0006675 -0.072627
0.00067 -0.029414
0.0006725 -0.075168
0.000675 -0.1124
0.0006775 -0.052634
0.00068 -0.05223
0.0006825 -0.055808
0.000685 -0.048768
0.0006875 -0.03351
0.00069 0.017837
0.0006925 0.006534
0.000695 -0.000762
0.0006975 -0.030138
0.0007 -0.074963
0.0007025 -0.038566
0.000705 -0.078643
0.0007075 -0.10611
0.00071 -0.15714
0.0007125 -0.14163
0.000715 -0.054829
0.0007175 -0.037671
0.00072 -0.043212
0.0007225 -0.064173
0.000725 -0.079238
0.0007275 -0.084083
0.00073 -0.061485
0.0007325 -0.045594
0.000735 -0.068908
0.0007375 -0.051616
0.00074 -0.046458
0.0007425 -0.059366
0.000745 -0.046253
0.0007475 0.077856
