    0 0.012537
2.5e-06 0.011473
5e-06 0.009876
7.5e-06 0.006683
1e-05 0.009342
1.25e-05 0.01041
1.5e-05 0.011473
1.75e-05 0.013067
2e-05 0.012537
2.25e-05 0.01041
2.5e-05 0.009876
2.75e-05 0.008278
3e-05 0.006683
3.25e-05 0.009342
3.5e-05 0.012537
3.75e-05 0.013067
4e-05 0.012005
4.25e-05 0.013067
4.5e-05 0.011473
4.75e-05 0.009876
5e-05 0.006151
5.25e-05 -0.000237
5.5e-05 -0.000771
5.75e-05 -0.000771
6e-05 -0.001833
6.25e-05 -0.003431
6.5e-05 -0.008751
6.75e-05 -0.010881
7e-05 -0.008751
7.25e-05 -0.007687
7.5e-05 -0.005026
7.75e-05 -0.059313
8e-05 -0.39995
8.25e-05 -0.66074
8.5e-05 -0.89067
8.75e-05 -1.1041
9e-05 -1.3042
9.25e-05 -1.4942
9.5e-05 -1.6784
9.75e-05 -1.8599
0.0001 -2.0339
0.0001025 -2.2021
0.000105 -2.3687
0.0001075 -2.5342
0.00011 -2.7008
0.0001125 -2.87
0.000115 -3.034
0.0001175 -3.1947
0.00012 -3.3517
0.0001225 -3.5066
0.000125 -3.6609
0.0001275 -3.8174
0.00013 -3.9744
0.0001325 -4.1272
0.000135 -4.2783
0.0001375 -4.429
0.00014 -4.5759
0.0001425 -4.7217
0.000145 -4.8659
0.0001475 -5.0102
0.00015 -5.156
0.0001525 -5.0346
0.000155 -4.5498
0.0001575 -4.19
0.00016 -3.8903
0.0001625 -3.6184
0.000165 -3.3687
0.0001675 -3.1319
0.00017 -2.9094
0.0001725 -2.6933
0.000175 -2.4799
0.0001775 -2.2707
0.00018 -2.0648
0.0001825 -1.8631
0.000185 -1.664
0.0001875 -1.4703
0.00019 -1.2808
0.0001925 -1.0887
0.000195 -0.90291
0.0001975 -0.71769
0.0002 -0.52821
0.0002025 -0.343
0.000205 -0.15937
0.0002075 0.02318
0.00021 0.20467
0.0002125 0.38404
0.000215 0.56712
0.0002175 0.74755
0.00022 0.92426
0.0002225 1.1004
0.000225 1.2761
0.0002275 1.4464
0.00023 1.6162
0.0002325 1.7827
0.000235 1.9552
0.0002375 2.1255
0.00024 2.2926
0.0002425 2.4587
0.000245 2.6242
0.0002475 2.7924
0.00025 2.9585
0.0002525 3.125
0.000255 3.2863
0.0002575 3.4465
0.00026 3.6067
0.0002625 3.7653
0.000265 3.9223
0.0002675 4.0815
0.00027 4.2385
0.0002725 4.3934
0.000275 4.5445
0.0002775 4.6973
0.00028 4.8511
0.0002825 5.0044
0.000285 5.1523
0.0002875 5.3008
0.00029 5.4514
0.0002925 5.6026
0.000295 5.7527
0.0002975 5.8996
0.0003 6.0454
0.0003025 5.9145
0.000305 5.4163
0.0003075 5.0443
0.00031 4.7265
0.0003125 4.4418
0.000315 4.1773
0.0003175 3.9282
0.00032 3.6919
0.0003225 3.4593
0.000325 3.2363
0.0003275 3.0207
0.00033 2.8046
0.0003325 2.5939
0.000335 2.389
0.0003375 2.1867
0.00034 1.9893
0.0003425 1.7939
0.000345 1.597
0.0003475 1.4022
0.00035 1.2101
0.0003525 1.0174
0.000355 0.82632
0.0003575 0.63632
0.00036 0.44897
0.0003625 0.26216
0.000365 0.076405
0.0003675 -0.10455
0.00037 -0.28658
0.0003725 -0.46807
0.000375 -0.6453
0.0003775 -0.698
0.00038 -0.55536
0.0003825 -0.47658
0.000385 -0.42549
0.0003875 -0.38983
0.00039 -0.36588
0.0003925 -0.34885
0.000395 -0.3382
0.0003975 -0.32543
0.0004 -0.31798
0.0004025 -0.31159
0.000405 -0.30787
0.0004075 -0.30308
0.00041 -0.29935
0.0004125 -0.29456
0.000415 -0.29084
0.0004175 -0.28977
0.00042 -0.28977
0.0004225 -0.28924
0.000425 -0.28711
0.0004275 -0.28285
0.00043 -0.28445
0.0004325 -0.28339
0.000435 -0.28019
0.0004375 -0.27966
0.00044 -0.277
0.0004425 -0.27487
0.000445 -0.27327
0.0004475 -0.26955
0.00045 -0.26795
0.0004525 -0.26689
0.000455 -0.26529
0.0004575 -0.26263
0.00046 -0.2589
0.0004625 -0.25411
0.000465 -0.25411
0.0004675 -0.25464
0.00047 -0.25411
0.0004725 -0.25305
0.000475 -0.25039
0.0004775 -0.24826
0.00048 -0.2456
0.0004825 -0.2424
0.000485 -0.24027
0.0004875 -0.24027
0.00049 -0.24134
0.0004925 -0.23921
0.000495 -0.23868
0.0004975 -0.23708
0.0005 -0.23548
0.0005025 -0.23708
0.000505 -0.23602
0.0005075 -0.23336
0.00051 -0.23442
0.0005125 -0.23229
0.000515 -0.22909
0.0005175 -0.22644
0.00052 -0.22484
0.0005225 -0.22324
0.000525 -0.22165
0.0005275 -0.22005
0.00053 -0.21845
0.0005325 -0.21579
0.000535 -0.21526
0.0005375 -0.21686
0.00054 -0.21686
0.0005425 -0.21473
0.000545 -0.20674
0.0005475 -0.20195
0.00055 -0.19983
0.0005525 -0.1961
0.000555 -0.19397
0.0005575 -0.19397
0.00056 -0.19078
0.0005625 -0.18865
0.000565 -0.18492
0.0005675 -0.18386
0.00057 -0.18439
0.0005725 -0.18865
0.000575 -0.18812
0.0005775 -0.18545
0.00058 -0.18279
0.0005825 -0.18066
0.000585 -0.18066
0.0005875 -0.1796
0.00059 -0.17853
0.0005925 -0.17694
0.000595 -0.17641
0.0005975 -0.17853
0.0006 -0.17747
0.0006025 -0.17747
0.000605 -0.17747
0.0006075 -0.17747
0.00061 -0.17641
0.0006125 -0.17481
0.000615 -0.17374
0.0006175 -0.16895
0.00062 -0.16895
0.0006225 -0.16895
0.000625 -0.16895
0.0006275 -0.16683
0.00063 -0.1631
0.0006325 -0.1631
0.000635 -0.16257
0.0006375 -0.16097
0.00064 -0.1631
0.0006425 -0.16363
0.000645 -0.16044
0.0006475 -0.15725
0.00065 -0.15512
0.0006525 -0.15139
0.000655 -0.14873
0.0006575 -0.14979
0.00066 -0.14926
0.0006625 -0.1466
0.000665 -0.14553
0.0006675 -0.14607
0.00067 -0.145
0.0006725 -0.145
0.000675 -0.14287
0.0006775 -0.14341
0.00068 -0.14553
0.0006825 -0.14553
0.000685 -0.14181
0.0006875 -0.14022
0.00069 -0.13436
0.0006925 -0.13436
0.000695 -0.13436
0.0006975 -0.13329
0.0007 -0.1317
0.0007025 -0.13223
0.000705 -0.1301
0.0007075 -0.12904
0.00071 -0.12851
0.0007125 -0.12638
0.000715 -0.12478
0.0007175 -0.12372
0.00072 -0.12212
0.0007225 -0.12425
0.000725 -0.12425
0.0007275 -0.12212
0.00073 -0.12052
0.0007325 -0.11999
0.000735 -0.11946
0.0007375 -0.11999
0.00074 -0.12052
0.0007425 -0.12052
0.000745 -0.11839
0.0007475 -0.11733
