    0 0.048507
2.5e-06 0.048219
5e-06 0.10492
7.5e-06 0.13162
1e-05 0.10821
1.25e-05 0.096027
1.5e-05 0.077813
1.75e-05 0.022856
2e-05 0.01451
2.25e-05 0.011957
2.5e-05 0.00603
2.75e-05 0.005416
3e-05 0.006209
3.25e-05 0.030228
3.5e-05 0.067272
3.75e-05 -0.008786
4e-05 -0.042456
4.25e-05 -0.025522
4.5e-05 -0.023243
4.75e-05 -0.014065
5e-05 -0.06691
5.25e-05 -0.031601
5.5e-05 -0.043275
5.75e-05 0.024149
6e-05 0.044258
6.25e-05 0.039989
6.5e-05 -0.014296
6.75e-05 -0.010091
7e-05 -0.036709
7.25e-05 -0.013022
7.5e-05 0.056917
7.75e-05 -3.1109
8e-05 -20.954
8.25e-05 -23.484
8.5e-05 -23.465
8.75e-05 -23.465
9e-05 -23.456
9.25e-05 -23.391
9.5e-05 -23.395
9.75e-05 -23.367
0.0001 -23.383
0.0001025 -23.387
0.000105 -23.376
0.0001075 -23.381
0.00011 -23.432
0.0001125 -23.431
0.000115 -23.416
0.0001175 -23.409
0.00012 -23.415
0.0001225 -23.43
0.000125 -23.493
0.0001275 -23.435
0.00013 -23.367
0.0001325 -23.322
0.000135 -23.335
0.0001375 -23.345
0.00014 -23.373
0.0001425 -23.326
0.000145 -23.321
0.0001475 -23.383
0.00015 -13.981
0.0001525 14.183
0.000155 23.749
0.0001575 24.03
0.00016 23.99
0.0001625 23.942
0.000165 23.876
0.0001675 23.858
0.00017 23.843
0.0001725 23.828
0.000175  23.8
0.0001775 23.826
0.00018 23.861
0.0001825 23.881
0.000185 23.862
0.0001875 23.839
0.00019 23.838
0.0001925 23.861
0.000195 23.855
0.0001975 23.836
0.0002 23.842
0.0002025 23.872
0.000205 23.869
0.0002075 23.891
0.00021 23.862
0.0002125 23.872
0.000215 23.876
0.0002175 23.856
0.00022 23.889
0.0002225 23.894
0.000225 23.879
0.0002275 23.886
0.00023 23.864
0.0002325 23.869
0.000235 23.87
0.0002375 23.879
0.00024 23.884
0.0002425  23.9
0.000245 23.892
0.0002475 23.857
0.00025 23.841
0.0002525 23.802
0.000255 23.785
0.0002575 23.825
0.00026 23.83
0.0002625 23.85
0.000265 23.833
0.0002675 23.784
0.00027 23.801
0.0002725 23.854
0.000275 23.853
0.0002775 23.869
0.00028 23.816
0.0002825 23.841
0.000285 23.827
0.0002875 23.815
0.00029 23.811
0.0002925 23.755
0.000295 23.754
0.0002975 23.766
0.0003 14.404
0.0003025 -13.853
0.000305 -23.458
0.0003075 -23.748
0.00031 -23.673
0.0003125 -23.664
0.000315 -23.611
0.0003175 -23.634
0.00032 -23.576
0.0003225 -23.549
0.000325 -23.508
0.0003275 -23.531
0.00033 -23.518
0.0003325 -23.593
0.000335 -23.548
0.0003375 -23.506
0.00034 -23.506
0.0003425 -23.566
0.000345 -23.558
0.0003475 -23.536
0.00035 -23.604
0.0003525 -23.598
0.000355 -23.58
0.0003575 -23.56
0.00036 -23.516
0.0003625 -23.502
0.000365 -23.499
0.0003675 -23.507
0.00037 -23.451
0.0003725 -23.473
0.000375 -23.512
0.0003775 -18.467
0.00038 -1.259
0.0003825 -0.033605
0.000385 -0.0955
0.0003875 -0.099211
0.00039 -0.10399
0.0003925 -0.1271
0.000395 -0.12116
0.0003975 -0.070526
0.0004 -0.062552
0.0004025 -0.057284
0.000405 -0.047039
0.0004075 -0.037771
0.00041 -0.057208
0.0004125 -0.052568
0.000415 -0.045784
0.0004175 -0.11508
0.00042 -0.099544
0.0004225 -0.081022
0.000425 -0.08739
0.0004275 -0.066936
0.00043 -0.078706
0.0004325 -0.074053
0.000435 -0.082814
0.0004375 -0.096843
0.00044 -0.091614
0.0004425 -0.021214
0.000445 -0.001157
0.0004475 -0.00044
0.00045 0.001845
0.0004525 -0.01036
0.000455 -0.000588
0.0004575 -0.010347
0.00046 0.007483
0.0004625 -0.005624
0.000465 -0.006328
0.0004675 -0.044171
0.00047 -0.033304
0.0004725 -0.04723
0.000475 -0.029265
0.0004775 -0.032485
0.00048 -0.049893
0.0004825 -0.051461
0.000485 -0.066577
0.0004875 -0.068753
0.00049 -0.073285
0.0004925 -0.081836
0.000495 -0.00723
0.0004975 -0.032369
0.0005 -0.055576
0.0005025 -0.03475
0.000505 -0.014143
0.0005075 -0.009656
0.00051 -0.000946
0.0005125 0.02635
0.000515 0.028392
0.0005175 0.051746
0.00052 0.012577
0.0005225 0.059477
0.000525 0.097531
0.0005275 0.028603
0.00053 0.02388
0.0005325 0.029378
0.000535 0.063176
0.0005375 0.038453
0.00054 0.027598
0.0005425 0.011765
0.000545 -0.028043
0.0005475 -0.016997
0.00055 0.001025
0.0005525 0.038293
0.000555 0.03469
0.0005575 0.030337
0.00056 0.059669
0.0005625 0.03428
0.000565 0.052207
0.0005675 0.012245
0.00057 0.007669
0.0005725 -0.010591
0.000575 -0.023909
0.0005775 -0.035947
0.00058 -0.03221
0.0005825 -0.008459
0.000585 -0.031115
0.0005875 -0.015384
0.00059 -0.063224
0.0005925 -0.008133
0.000595 0.009019
0.0005975 -0.030072
0.0006 0.021736
0.0006025 0.026145
0.000605 -0.001976
0.0006075 0.00379
0.00061 0.004648
0.0006125 -0.003589
0.000615 0.018337
0.0006175 0.027093
0.00062 0.008392
0.0006225 -0.011077
0.000625 -0.015461
0.0006275 0.029102
0.00063 0.037179
0.0006325 -0.009579
0.000635 -0.040952
0.0006375 -0.012529
0.00064 -0.021752
0.0006425 -0.021342
0.000645 0.00052
0.0006475 0.011733
0.00065 0.012027
0.0006525 0.011233
0.000655 -0.009643
0.0006575 0.006351
0.00066 -0.028369
0.0006625 -0.032127
0.000665 -0.065182
0.0006675 -0.074264
0.00067 -0.046309
0.0006725 -0.054162
0.000675 -0.073054
0.0006775 -0.011186
0.00068 0.02845
0.0006825 -0.040613
0.000685 -0.066629
0.0006875 -0.031518
0.00069 -0.031806
0.0006925 -0.032786
0.000695 0.027835
0.0006975 -0.025624
0.0007 -0.038226
0.0007025 -0.033752
0.000705 -0.040274
0.0007075 -0.085272
0.00071 -0.11622
0.0007125 -0.12028
0.000715 -0.05484
0.0007175 -0.012223
0.00072 -0.034545
0.0007225 -0.042315
0.000725 -0.057131
0.0007275 -0.053701
0.00073 -0.01836
0.0007325 -0.016037
0.000735 -0.012446
0.0007375 0.000142
0.00074 -0.004344
0.0007425 -0.014001
0.000745 -0.015205
0.0007475 0.073704
