    0 -0.052262
2.5e-06 -0.051994
5e-06 -0.046157
7.5e-06 -0.035693
1e-05 -0.024045
1.25e-05 -0.070969
1.5e-05 -0.030784
1.75e-05 0.003245
2e-05 0.020531
2.25e-05 -0.041734
2.5e-05 -0.043744
2.75e-05 -0.030444
3e-05 -0.026387
3.25e-05 -0.015418
3.5e-05 -0.021146
3.75e-05 -0.02087
4e-05 0.002068
4.25e-05 0.011987
4.5e-05 -0.017254
4.75e-05 -0.026284
5e-05 -0.05838
5.25e-05 -0.13043
5.5e-05 -0.079648
5.75e-05 -0.027322
6e-05 -0.04391
6.25e-05 -0.030842
6.5e-05 -0.055629
6.75e-05 -0.051616
7e-05 -0.072307
7.25e-05 -0.074758
7.5e-05 -0.079827
7.75e-05 -1.7252
8e-05 -10.531
8.25e-05 -11.823
8.5e-05 -11.803
8.75e-05 -11.819
9e-05 -11.788
9.25e-05 -11.806
9.5e-05 -11.809
9.75e-05 -11.743
0.0001 -11.739
0.0001025 -11.736
0.000105 -11.759
0.0001075 -11.733
0.00011 -11.73
0.0001125 -11.713
0.000115 -11.727
0.0001175 -11.726
0.00012 -11.745
0.0001225 -11.707
0.000125 -11.718
0.0001275 -11.742
0.00013 -11.744
0.0001325 -11.718
0.000135 -11.689
0.0001375 -11.657
0.00014 -11.631
0.0001425 -11.648
0.000145 -11.635
0.0001475 -11.657
0.00015 -2.2862
0.0001525 19.413
0.000155 12.257
0.0001575 11.93
0.00016 11.978
0.0001625 11.993
0.000165 12.009
0.0001675 12.029
0.00017 12.034
0.0001725 12.067
0.000175 12.086
0.0001775 12.045
0.00018 12.072
0.0001825 12.079
0.000185 12.084
0.0001875 12.082
0.00019 12.065
0.0001925 12.082
0.000195 12.075
0.0001975 12.048
0.0002 12.08
0.0002025 12.082
0.000205 12.076
0.0002075 12.061
0.00021 12.07
0.0002125 12.025
0.000215 11.985
0.0002175 12.001
0.00022 12.009
0.0002225 12.031
0.000225 12.01
0.0002275 12.002
0.00023 12.03
0.0002325 12.035
0.000235 12.021
0.0002375 12.015
0.00024 12.001
0.0002425 11.986
0.000245 12.017
0.0002475 12.026
0.00025 12.025
0.0002525 12.023
0.000255 12.019
0.0002575 11.961
0.00026 11.94
0.0002625 11.948
0.000265 11.927
0.0002675 11.934
0.00027 11.957
0.0002725 11.915
0.000275 11.983
0.0002775 12.004
0.00028 12.005
0.0002825 11.991
0.000285 11.948
0.0002875 11.909
0.00029 11.939
0.0002925 11.929
0.000295 11.896
0.0002975 11.865
0.0003 2.5848
0.0003025 -18.921
0.000305 -11.933
0.0003075 -11.601
0.00031 -11.656
0.0003125 -11.682
0.000315 -11.744
0.0003175 -11.796
0.00032 -11.819
0.0003225 -11.847
0.000325 -11.845
0.0003275 -11.871
0.00033 -11.895
0.0003325 -11.934
0.000335 -11.941
0.0003375 -11.966
0.00034 -11.899
0.0003425 -11.9
0.000345 -11.88
0.0003475 -11.859
0.00035 -11.906
0.0003525 -11.89
0.000355 -11.929
0.0003575 -11.945
0.00036 -11.934
0.0003625 -11.886
0.000365 -11.89
0.0003675 -11.874
0.00037 -11.914
0.0003725 -11.872
0.000375 -11.856
0.0003775 -9.0674
0.00038 -0.72476
0.0003825 -0.17658
0.000385 -0.16679
0.0003875 -0.18056
0.00039 -0.14831
0.0003925 -0.1692
0.000395 -0.12772
0.0003975 -0.17135
0.0004 -0.16789
0.0004025 -0.11951
0.000405 -0.1918
0.0004075 -0.12948
0.00041 -0.12563
0.0004125 -0.12245
0.000415 -0.10698
0.0004175 -0.055123
0.00042 -0.060659
0.0004225 -0.085606
0.000425 -0.10729
0.0004275 -0.12081
0.00043 -0.12357
0.0004325 -0.07737
0.000435 -0.058234
0.0004375 -0.080826
0.00044 -0.070073
0.0004425 -0.10919
0.000445 -0.089991
0.0004475 -0.070637
0.00045 -0.056909
0.0004525 -0.037498
0.000455 -0.074278
0.0004575 -0.087302
0.00046 -0.050553
0.0004625 -0.056326
0.000465 -0.074637
0.0004675 -0.060538
0.00047 -0.044064
0.0004725 -0.026701
0.000475 -0.042252
0.0004775 -0.021516
0.00048 -0.029516
0.0004825 -0.027629
0.000485 -0.029984
0.0004875 -0.043085
0.00049 -0.068064
0.0004925 -0.13753
0.000495 -0.095072
0.0004975 -0.058374
0.0005 -0.093939
0.0005025 -0.16599
0.000505 -0.13342
0.0005075 -0.14827
0.00051 -0.11956
0.0005125 -0.085274
0.000515 -0.097805
0.0005175 -0.087436
0.00052 -0.066112
0.0005225 -0.093901
0.000525 -0.049939
0.0005275 -0.077376
0.00053 -0.077875
0.0005325 -0.074695
0.000535 -0.091815
0.0005375 -0.10653
0.00054 -0.087456
0.0005425 -0.1519
0.000545 -0.12853
0.0005475 -0.10831
0.00055 -0.09762
0.0005525 -0.071341
0.000555 -0.11716
0.0005575 -0.089914
0.00056 -0.086745
0.0005625 -0.12301
0.000565 -0.14155
0.0005675 -0.13388
0.00057 -0.098458
0.0005725 -0.059904
0.000575 -0.10621
0.0005775 -0.097063
0.00058 -0.10106
0.0005825 -0.092396
0.000585 -0.043399
0.0005875 -0.078758
0.00059 -0.092039
0.0005925 -0.042406
0.000595 -0.04368
0.0005975 -0.079526
0.0006 -0.09198
0.0006025 -0.037459
0.000605 0.014752
0.0006075 0.013888
0.00061 -0.039463
0.0006125 -0.055219
0.000615 -0.085127
0.0006175 -0.10561
0.00062 -0.1037
0.0006225 -0.12032
0.000625 -0.083034
0.0006275 -0.080583
0.00063 -0.073293
0.0006325 -0.11379
0.000635 -0.097779
0.0006375 -0.076506
0.00064 -0.036806
0.0006425 -0.030656
0.000645 -0.068659
0.0006475 -0.12608
0.00065 -0.13228
0.0006525 -0.13045
0.000655 -0.10602
0.0006575 -0.08416
0.00066 -0.061178
0.0006625 -0.096256
0.000665 -0.091258
0.0006675 -0.086835
0.00067 -0.12226
0.0006725 -0.13256
0.000675 -0.10764
0.0006775 -0.06937
0.00068 -0.0779
0.0006825 -0.088141
0.000685 -0.12311
0.0006875 -0.11098
0.00069 -0.093741
0.0006925 -0.13296
0.000695 -0.099648
0.0006975 -0.10188
0.0007 -0.10641
0.0007025 -0.083181
0.000705 -0.017651
0.0007075 -0.026733
0.00071 -0.034138
0.0007125 -0.047769
0.000715 -0.05166
0.0007175 -0.057004
0.00072 -0.035603
0.0007225 -0.067431
0.000725 -0.1046
0.0007275 -0.096147
0.00073 -0.064512
0.0007325 -0.066534
0.000735 -0.11526
0.0007375 -0.091053
0.00074 -0.068826
0.0007425 -0.077139
0.000745 -0.065754
0.0007475 -0.028288
