    0 -0.001909
2.5e-06 -0.000315
5e-06 0.000218
7.5e-06 0.005537
1e-05 0.012457
1.25e-05 0.015115
1.5e-05 0.014055
1.75e-05 0.009262
2e-05 0.002876
2.25e-05 0.001812
2.5e-05 -0.001379
2.75e-05 -0.004042
3e-05 -0.001913
3.25e-05 0.000747
3.5e-05 0.004473
3.75e-05 0.001816
4e-05 0.003411
4.25e-05 0.004472
4.5e-05 0.006068
4.75e-05 0.008197
5e-05 0.005537
5.25e-05 0.005007
5.5e-05 0.003944
5.75e-05 0.003409
6e-05 0.004477
6.25e-05 0.000214
6.5e-05 0.000749
6.75e-05 0.00341
7e-05 0.001812
7.25e-05 0.001282
7.5e-05 -0.001913
7.75e-05 -0.000316
8e-05 -0.004576
8.25e-05 -0.006172
8.5e-05 -0.011492
8.75e-05 -0.018411
9e-05 -0.023199
9.25e-05 -0.026392
9.5e-05 -0.03384
9.75e-05 -0.038099
0.0001 -0.039696
0.0001025 -0.043951
0.000105 -0.048208
0.0001075 -0.050869
0.00011 -0.057258
0.0001125 -0.065769
0.000115 -0.06843
0.0001175 -0.072153
0.00012 -0.074816
0.0001225 -0.077477
0.000125 -0.081204
0.0001275 -0.084396
0.00013 -0.091314
0.0001325 -0.09876
0.000135 -0.10461
0.0001375 -0.10994
0.00014 -0.11207
0.0001425 -0.111
0.000145 -0.11685
0.0001475 -0.12697
0.00015 -0.13815
0.0001525 -0.1424
0.000155 -0.1259
0.0001575 -0.11047
0.00016 -0.096101
0.0001625 -0.078543
0.000165 -0.065771
0.0001675 -0.05353
0.00017 -0.042889
0.0001725 -0.034374
0.000175 -0.024797
0.0001775 -0.015218
0.00018 -0.010957
0.0001825 -0.005106
0.000185 -0.001383
0.0001875 0.00022
0.00019 0.004473
0.0001925 0.011389
0.000195 0.016182
0.0001975 0.012457
0.0002 0.011923
0.0002025 0.010324
0.000205 0.009266
0.0002075 0.006605
0.00021 0.007668
0.0002125 0.008728
0.000215 0.00607
0.0002175 0.003944
0.00022 0.002876
0.0002225 -0.001913
0.000225 -0.007765
0.0002275 -0.010427
0.00023 -0.014682
0.0002325 -0.016281
0.000235 -0.015749
0.0002375 -0.018408
0.00024 -0.023733
0.0002425 -0.032244
0.000245 -0.03863
0.0002475 -0.043421
0.00025 -0.045015
0.0002525 -0.051931
0.000255 -0.060984
0.0002575 -0.06843
0.00026 -0.079607
0.0002625 -0.083331
0.000265 -0.087053
0.0002675 -0.092911
0.00027 -0.099826
0.0002725 -0.10568
0.000275 -0.11153
0.0002775 -0.11898
0.00028 -0.12165
0.0002825 -0.12111
0.000285 -0.11845
0.0002875 -0.12271
0.00029 -0.12803
0.0002925 -0.13548
0.000295 -0.14293
0.0002975 -0.14719
0.0003 -0.15464
0.0003025 -0.16209
0.000305 -0.144
0.0003075 -0.1259
0.00031 -0.1126
0.0003125 -0.093975
0.000315 -0.073217
0.0003175 -0.057789
0.00032 -0.044481
0.0003225 -0.033308
0.000325 -0.023729
0.0003275 -0.015745
0.00033 -0.008297
0.0003325 -0.004574
0.000335 0.003943
0.0003375 0.01033
0.00034 0.01405
0.0003425 0.017778
0.000345 0.017246
0.0003475 0.020971
0.00035 0.025229
0.0003525 0.025224
0.000355 0.023628
0.0003575 0.026293
0.00036 0.025225
0.0003625 0.022568
0.000365 0.020441
0.0003675 0.019373
0.00037 0.022035
0.0003725 0.023098
0.000375 0.019907
0.0003775 0.03108
0.00038 0.030548
0.0003825 0.033209
0.000385 0.035871
0.0003875 0.034277
0.00039 0.032677
0.0003925 0.035342
0.000395 0.041193
0.0003975 0.037466
0.0004 0.033743
0.0004025 0.033739
0.000405 0.03108
0.0004075 0.028417
0.00041 0.028949
0.0004125 0.024694
0.000415 0.027888
0.0004175 0.030548
0.00042 0.026823
0.0004225 0.024163
0.000425 0.02363
0.0004275 0.02097
0.00043 0.02523
0.0004325 0.031612
0.000435 0.034805
0.0004375 0.035341
0.00044 0.032677
0.0004425 0.031613
0.000445 0.034803
0.0004475 0.040662
0.00045 0.043854
0.0004525 0.039067
0.000455 0.039065
0.0004575 0.038003
0.00046 0.034273
0.0004625 0.030017
0.000465 0.025758
0.0004675 0.027357
0.00047 0.028419
0.0004725 0.034807
0.000475 0.036933
0.0004775 0.03587
0.00048 0.030016
0.0004825 0.027887
0.000485 0.028417
0.0004875 0.030018
0.00049 0.030016
0.0004925 0.034273
0.000495 0.031613
0.0004975 0.024696
0.0005 0.02363
0.0005025 0.020971
0.000505 0.019376
0.0005075 0.01565
0.00051 0.01618
0.0005125 0.015117
0.000515 0.016712
0.0005175 0.01778
0.00052 0.018842
0.0005225 0.018308
0.000525 0.018309
0.0005275 0.016716
0.00053 0.015648
0.0005325 0.013522
0.000535 0.010324
0.0005375 0.011392
0.00054 0.011392
0.0005425 0.014053
0.000545 0.015649
0.0005475 0.013517
0.00055 0.013521
0.0005525 0.019903
0.000555 0.022034
0.0005575 0.020438
0.00056 0.018842
0.0005625 0.020436
0.000565 0.021503
0.0005675 0.01831
0.00057 0.016712
0.0005725 0.012987
0.000575 0.019905
0.0005775 0.022566
0.00058 0.025225
0.0005825 0.022568
0.000585 0.020435
0.0005875 0.020969
0.00059 0.018842
0.0005925 0.016712
0.000595 0.016182
0.0005975 0.017246
0.0006 0.017775
0.0006025 0.022565
0.000605 0.024695
0.0006075 0.024166
0.00061 0.023632
0.0006125 0.023631
0.000615 0.021505
0.0006175 0.019373
0.00062 0.016714
0.0006225 0.013522
0.000625 0.012457
0.0006275 0.011393
0.00063 0.014584
0.0006325 0.015648
0.000635 0.014051
0.0006375 0.012453
0.00064 0.014055
0.0006425 0.014054
0.000645 0.012987
0.0006475 0.016181
0.00065 0.019907
0.0006525 0.018309
0.000655 0.017245
0.0006575 0.018309
0.00066 0.022564
0.0006625 0.021501
0.000665 0.020969
0.0006675 0.019907
0.00067 0.018844
0.0006725 0.018839
0.000675 0.017247
0.0006775 0.017246
0.00068 0.014052
0.0006825 0.008732
0.000685 0.007668
0.0006875 0.011393
0.00069 0.010859
0.0006925 0.008728
0.000695 0.009796
0.0006975 0.008732
0.0007 0.009262
0.0007025 0.008198
0.000705 0.008732
0.0007075 0.009262
0.00071 0.007133
0.0007125 0.004473
0.000715 0.004472
0.0007175 0.006071
0.00072 0.011392
0.0007225 0.008728
0.000725 0.003944
0.0007275 -0.001379
0.00073 -0.006703
0.0007325 -0.008831
0.000735 -0.008297
0.0007375 -0.003509
0.00074 0.003408
0.0007425 0.00341
0.000745 0.003409
0.0007475 0.00075
