    0 0.003489
2.5e-06 0.001892
5e-06 0.004553
7.5e-06 0.006151
1e-05 0.007748
1.25e-05 0.009342
1.5e-05 0.01041
1.75e-05 0.008812
2e-05 0.008812
2.25e-05 0.007215
2.5e-05 0.007215
2.75e-05 0.007215
3e-05 0.005617
3.25e-05 0.003489
3.5e-05 0.002956
3.75e-05 0.001362
4e-05 0.001892
4.25e-05 0.001362
4.5e-05 0.000828
4.75e-05 -0.001301
5e-05 -0.002365
5.25e-05 -0.002365
5.5e-05 -0.001301
5.75e-05 -0.002897
6e-05 -0.000771
6.25e-05 -0.000771
6.5e-05 0.000298
6.75e-05 0.001362
7e-05 0.002956
7.25e-05 0.003489
7.5e-05 -0.000237
7.75e-05 -0.056654
8e-05 -0.39356
8.25e-05 -0.65435
8.5e-05 -0.88321
8.75e-05 -1.0945
9e-05 -1.2909
9.25e-05 -1.4788
9.5e-05 -1.6629
9.75e-05 -1.8455
0.0001 -2.0217
0.0001025 -2.1962
0.000105 -2.365
0.0001075 -2.5363
0.00011 -2.7061
0.0001125 -2.8722
0.000115 -3.0372
0.0001175 -3.2027
0.00012 -3.365
0.0001225 -3.5252
0.000125 -3.6849
0.0001275 -3.844
0.00013 -4.0037
0.0001325 -4.1602
0.000135 -4.3135
0.0001375 -4.4715
0.00014 -4.6285
0.0001425 -4.7824
0.000145 -4.933
0.0001475 -5.0847
0.00015 -5.2326
0.0001525 -5.1118
0.000155 -4.6179
0.0001575 -4.2491
0.00016 -3.9356
0.0001625 -3.6577
0.000165 -3.4033
0.0001675 -3.1644
0.00017 -2.9355
0.0001725 -2.7114
0.000175 -2.4922
0.0001775 -2.2793
0.00018 -2.0717
0.0001825 -1.8663
0.000185 -1.6619
0.0001875 -1.4596
0.00019 -1.2632
0.0001925 -1.0658
0.000195 -0.87044
0.0001975 -0.6799
0.0002 -0.49362
0.0002025 -0.31
0.000205 -0.12691
0.0002075 0.051924
0.00021 0.23075
0.0002125 0.41065
0.000215 0.58735
0.0002175 0.76299
0.00022 0.93862
0.0002225 1.1116
0.000225 1.2846
0.0002275 1.456
0.00023 1.622
0.0002325 1.7902
0.000235 1.9621
0.0002375 2.1308
0.00024 2.2985
0.0002425 2.4629
0.000245 2.6253
0.0002475 2.7828
0.00025 2.942
0.0002525 3.0974
0.000255 3.2549
0.0002575 3.4135
0.00026 3.5705
0.0002625 3.7233
0.000265 3.8755
0.0002675 4.0266
0.00027 4.1767
0.0002725 4.3274
0.000275 4.478
0.0002775 4.6259
0.00028 4.775
0.0002825 4.9219
0.000285 5.0677
0.0002875 5.2141
0.00029 5.3572
0.0002925 5.4972
0.000295 5.6361
0.0002975 5.7756
0.0003 5.9177
0.0003025 5.7894
0.000305 5.3088
0.0003075 4.9501
0.00031 4.644
0.0003125 4.3721
0.000315 4.1209
0.0003175 3.8845
0.00032 3.6541
0.0003225 3.4327
0.000325 3.2161
0.0003275 3.0037
0.00033 2.7935
0.0003325 2.5886
0.000335  2.39
0.0003375 2.192
0.00034 1.9951
0.0003425 1.803
0.000345 1.613
0.0003475 1.4214
0.00035 1.2298
0.0003525 1.0392
0.000355 0.85081
0.0003575 0.66452
0.00036 0.48197
0.0003625 0.30048
0.000365 0.11472
0.0003675 -0.068361
0.00037 -0.24932
0.0003725 -0.42975
0.000375 -0.60911
0.0003775 -0.6634
0.00038 -0.52289
0.0003825 -0.44465
0.000385 -0.39409
0.0003875 -0.35736
0.00039 -0.33129
0.0003925 -0.31053
0.000395 -0.29563
0.0003975 -0.28339
0.0004 -0.27274
0.0004025 -0.26635
0.000405 -0.26156
0.0004075 -0.25624
0.00041 -0.25252
0.0004125 -0.25039
0.000415 -0.24879
0.0004175 -0.24666
0.00042 -0.2456
0.0004225 -0.24453
0.000425 -0.23974
0.0004275 -0.23442
0.00043 -0.22963
0.0004325 -0.2275
0.000435 -0.22644
0.0004375 -0.22484
0.00044 -0.22271
0.0004425 -0.22112
0.000445 -0.22165
0.0004475 -0.22112
0.00045 -0.22165
0.0004525 -0.22165
0.000455 -0.21898
0.0004575 -0.21739
0.00046 -0.21739
0.0004625 -0.21633
0.000465 -0.2126
0.0004675 -0.211
0.00047 -0.2126
0.0004725 -0.21366
0.000475 -0.21313
0.0004775 -0.2126
0.00048 -0.20994
0.0004825 -0.20728
0.000485 -0.20408
0.0004875 -0.20408
0.00049 -0.20461
0.0004925 -0.20568
0.000495 -0.20408
0.0004975 -0.20514
0.0005 -0.20408
0.0005025 -0.20302
0.000505 -0.20461
0.0005075 -0.20514
0.00051 -0.20355
0.0005125 -0.20461
0.000515 -0.20248
0.0005175 -0.20248
0.00052 -0.19929
0.0005225 -0.19876
0.000525 -0.19929
0.0005275 -0.19823
0.00053 -0.19876
0.0005325 -0.1977
0.000535 -0.1961
0.0005375 -0.1945
0.00054 -0.19078
0.0005425 -0.18758
0.000545 -0.18333
0.0005475 -0.18173
0.00055 -0.18386
0.0005525 -0.18758
0.000555 -0.18599
0.0005575 -0.18599
0.00056 -0.18599
0.0005625 -0.18333
0.000565 -0.18013
0.0005675 -0.18066
0.00057 -0.1812
0.0005725 -0.17907
0.000575 -0.17534
0.0005775 -0.17374
0.00058 -0.17321
0.0005825 -0.17374
0.000585 -0.17694
0.0005875 -0.17641
0.00059 -0.17428
0.0005925 -0.17481
0.000595 -0.17587
0.0005975 -0.17641
0.0006 -0.17534
0.0006025 -0.17162
0.000605 -0.17002
0.0006075 -0.16842
0.00061 -0.16683
0.0006125 -0.16417
0.000615 -0.16204
0.0006175 -0.15778
0.00062 -0.15778
0.0006225 -0.15565
0.000625 -0.15086
0.0006275 -0.14713
0.00063 -0.14447
0.0006325 -0.14341
0.000635 -0.14075
0.0006375 -0.14128
0.00064 -0.14075
0.0006425 -0.13862
0.000645 -0.13755
0.0006475 -0.13755
0.00065 -0.13649
0.0006525 -0.13808
0.000655 -0.13702
0.0006575 -0.13755
0.00066 -0.13702
0.0006625 -0.13596
0.000665 -0.13649
0.0006675 -0.13862
0.00067 -0.13862
0.0006725 -0.13862
0.000675 -0.13755
0.0006775 -0.13702
0.00068 -0.13649
0.0006825 -0.13329
0.000685 -0.13117
0.0006875 -0.13117
0.00069 -0.12851
0.0006925 -0.12691
0.000695 -0.12478
0.0006975 -0.12478
0.0007 -0.12531
0.0007025 -0.12265
0.000705 -0.12052
0.0007075 -0.11467
0.00071 -0.11254
0.0007125 -0.1136
0.000715 -0.11041
0.0007175 -0.10828
0.00072 -0.10722
0.0007225 -0.10668
0.000725 -0.10615
0.0007275 -0.10455
0.00073 -0.10296
0.0007325 -0.10136
0.000735 -0.1003
0.0007375 -0.10189
0.00074 -0.10136
0.0007425 -0.10136
0.000745 -0.0987
0.0007475 -0.099232
