    0 0.004354
2.5e-06 0.0025172
5e-06 -0.025611
7.5e-06 0.029057
1e-05 0.042882
1.25e-05 0.050165
1.5e-05 0.033122
1.75e-05 0.048821
2e-05 0.022869
2.25e-05 0.008987
2.5e-05 0.006024
2.75e-05 0.007317
3e-05 0.04484
3.25e-05 0.078101
3.5e-05 0.055093
3.75e-05 0.026453
4e-05 0.046972
4.25e-05 0.088027
4.5e-05 0.065679
4.75e-05 0.039944
5e-05 0.020034
5.25e-05 -0.021592
5.5e-05 -0.007358
5.75e-05 0.024072
6e-05 0.029666
6.25e-05 0.013781
6.5e-05 0.002498
6.75e-05 0.032942
7e-05 0.01046
7.25e-05 0.022607
7.5e-05 5.0532
7.75e-05 30.307
8e-05 25.322
8.25e-05 23.974
8.5e-05 23.997
8.75e-05 23.918
9e-05 23.934
9.25e-05 23.921
9.5e-05 23.897
9.75e-05 23.922
0.0001 23.928
0.0001025 23.934
0.000105 23.901
0.0001075 23.901
0.00011  23.9
0.0001125 23.897
0.000115 23.881
0.0001175 23.877
0.00012 23.877
0.0001225 23.84
0.000125 23.832
0.0001275 23.807
0.00013 23.834
0.0001325 23.857
0.000135 23.845
0.0001375 23.836
0.00014 23.871
0.0001425 23.869
0.000145 23.853
0.0001475 23.79
0.00015 14.173
0.0001525 -13.901
0.000155 -23.435
0.0001575 -23.743
0.00016 -23.653
0.0001625 -23.63
0.000165 -23.597
0.0001675 -23.588
0.00017 -23.583
0.0001725 -23.562
0.000175 -23.514
0.0001775 -23.533
0.00018 -23.494
0.0001825 -23.512
0.000185 -23.528
0.0001875 -23.468
0.00019 -23.499
0.0001925 -23.478
0.000195 -23.442
0.0001975 -23.427
0.0002 -23.401
0.0002025 -23.417
0.000205 -23.417
0.0002075 -23.456
0.00021 -23.423
0.0002125 -23.499
0.000215 -23.529
0.0002175 -23.471
0.00022 -23.458
0.0002225 -23.388
0.000225 -23.409
0.0002275 -23.413
0.00023 -23.38
0.0002325 -23.367
0.000235 -23.389
0.0002375 -23.373
0.00024 -23.353
0.0002425 -23.41
0.000245 -23.391
0.0002475 -23.399
0.00025 -23.361
0.0002525 -23.328
0.000255 -23.345
0.0002575 -23.368
0.00026 -23.338
0.0002625 -23.386
0.000265 -23.416
0.0002675 -23.393
0.00027 -23.387
0.0002725 -23.36
0.000275 -23.321
0.0002775 -23.29
0.00028 -23.285
0.0002825 -23.269
0.000285 -23.29
0.0002875 -23.352
0.00029 -23.302
0.0002925 -23.292
0.000295 -23.293
0.0002975 -23.32
0.0003 -13.708
0.0003025 14.386
0.000305 23.727
0.0003075 24.013
0.00031 23.959
0.0003125 23.93
0.000315 23.947
0.0003175 23.891
0.00032 23.867
0.0003225 23.874
0.000325 23.868
0.0003275 23.876
0.00033 23.875
0.0003325 23.859
0.000335 23.839
0.0003375 23.818
0.00034 23.83
0.0003425 23.823
0.000345 23.891
0.0003475 23.911
0.00035 23.872
0.0003525 23.844
0.000355 23.82
0.0003575 23.855
0.00036 23.848
0.0003625 23.856
0.000365 23.839
0.0003675 23.841
0.00037 23.805
0.0003725 23.833
0.000375 15.108
0.0003775 -7.6612
0.00038 -0.80824
0.0003825 -0.13922
0.000385 -0.059576
0.0003875 -0.040216
0.00039 -0.012894
0.0003925 -0.021816
0.000395 0.041486
0.0003975 0.02765
0.0004 0.075848
0.0004025 0.08708
0.000405 0.07291
0.0004075 0.078229
0.00041 0.10977
0.0004125 0.092328
0.000415 0.097813
0.0004175 0.10802
0.00042 0.099803
0.0004225 0.040136
0.000425 0.080373
0.0004275 0.079061
0.00043 0.037601
0.0004325 0.065192
0.000435 0.052827
0.0004375 0.031278
0.00044 0.076783
0.0004425 0.03469
0.000445 0.044565
0.0004475 0.063009
0.00045 0.065557
0.0004525 0.082024
0.000455 0.039534
0.0004575 0.058242
0.00046 0.087023
0.0004625 0.045358
0.000465 0.009045
0.0004675 0.002094
0.00047 0.002849
0.0004725 0.024776
0.000475 0.049832
0.0004775 0.089813
0.00048 0.062428
0.0004825 0.076232
0.000485 0.083004
0.0004875 0.047291
0.00049 0.028168
0.0004925 0.009211
0.000495 0.008276
0.0004975 -0.007409
0.0005 -0.02213
0.0005025 -0.019864
0.000505 0.018101
0.0005075 0.018318
0.00051 0.006799
0.0005125 0.051368
0.000515 0.025077
0.0005175 -0.004164
0.00052 -0.002751
0.0005225 -0.021317
0.000525 0.010158
0.0005275 -0.003454
0.00053 -0.016139
0.0005325 0.016904
0.000535 0.022369
0.0005375 -0.038724
0.00054 -0.038642
0.0005425 -0.074737
0.000545 -0.069624
0.0005475 -0.071275
0.00055 -0.049343
0.0005525 -0.040562
0.000555 -0.067205
0.0005575 -0.040146
0.00056 -0.036312
0.0005625 -0.07011
0.000565 -0.070667
0.0005675 -0.08412
0.00057 -0.052338
0.0005725 -0.031371
0.000575 -0.025106
0.0005775 0.00443
0.00058 -0.03299
0.0005825 -0.016529
0.000585 0.012942
0.0005875 -0.041579
0.00059 -0.080383
0.0005925 -0.014494
0.000595 0.029455
0.0005975 -0.04314
0.0006 -0.060158
0.0006025 -0.023775
0.000605 0.041076
0.0006075 0.043631
0.00061 0.015201
0.0006125 -0.014404
0.000615 0.010657
0.0006175 -0.008677
0.00062 -0.034405
0.0006225 -0.043569
0.000625 -0.066943
0.0006275 -0.061804
0.00063 -0.022277
0.0006325 -0.019301
0.000635 -0.013963
0.0006375 0.000546
0.00064 -0.001009
0.0006425 0.005979
0.000645 -0.004619
0.0006475 -0.057925
0.00065 -0.07084
0.0006525 -0.053169
0.000655 -0.052779
0.0006575 0.013275
0.00066 0.024814
0.0006625 0.013192
0.000665 -0.017394
0.0006675 0.01645
0.00067 0.000539
0.0006725 -0.074744
0.000675 -0.063832
0.0006775 -0.042981
0.00068 -0.035576
0.0006825 -0.036881
0.000685 -0.083903
0.0006875 -0.076094
0.00069 -0.084401
0.0006925 -0.095192
0.000695 -0.080805
0.0006975 -0.086283
0.0007 -0.10013
0.0007025 -0.059
0.000705 -0.032242
0.0007075 -0.040216
0.00071 -0.03884
0.0007125 -0.049681
0.000715 -0.034379
0.0007175 -0.043006
0.00072 -0.038059
0.0007225 -0.069356
0.000725 -0.10933
0.0007275 -0.091915
0.00073 -0.087928
0.0007325 -0.071922
0.000735 -0.10577
0.0007375 -0.10356
0.00074 -0.074258
0.0007425 -0.072069
0.000745 -0.040562
0.0007475 0.025704
