    0 0.007136
2.5e-06 0.004475
5e-06 0.001279
7.5e-06 0.001812
1e-05 0.005004
1.25e-05 0.005537
1.5e-05 0.004477
1.75e-05 0.006603
2e-05 0.009796
2.25e-05 0.007667
2.5e-05 0.012985
2.75e-05 0.011922
3e-05 0.015117
3.25e-05 0.017246
3.5e-05 0.018309
3.75e-05 0.01405
4e-05 0.010858
4.25e-05 0.00873
4.5e-05 0.009793
4.75e-05 0.009796
5e-05 0.009796
5.25e-05 0.009263
5.5e-05 0.007135
5.75e-05 0.009266
6e-05 0.010326
6.25e-05 0.01033
6.5e-05 0.008198
6.75e-05 0.007133
7e-05 0.003941
7.25e-05 0.001281
7.5e-05 -0.002443
7.75e-05 0.000218
8e-05 -0.003508
8.25e-05 -0.002443
8.5e-05 -0.001379
8.75e-05 0.006068
9e-05 0.007668
9.25e-05 0.01033
9.5e-05 0.010331
9.75e-05 0.009262
0.0001 0.007133
0.0001025 0.007667
0.000105 0.012987
0.0001075 0.021503
0.00011 0.026823
0.0001125 0.033739
0.000115 0.042253
0.0001175 0.048109
0.00012 0.052898
0.0001225 0.057155
0.000125 0.056625
0.0001275 0.060352
0.00013 0.065142
0.0001325 0.069926
0.000135 0.072588
0.0001375 0.077909
0.00014 0.089613
0.0001425 0.097063
0.000145 0.10026
0.0001475 0.10505
0.00015 0.11463
0.0001525 0.11623
0.000155 0.10718
0.0001575 0.097599
0.00016 0.089615
0.0001625 0.080571
0.000165 0.074185
0.0001675 0.067266
0.00017 0.056623
0.0001725 0.049173
0.000175 0.041723
0.0001775 0.031612
0.00018 0.024162
0.0001825 0.019907
0.000185 0.018838
0.0001875 0.018843
0.00019 0.017777
0.0001925 0.013517
0.000195 0.009262
0.0001975 0.009262
0.0002 0.012456
0.0002025 0.01565
0.000205 0.015118
0.0002075 0.01405
0.00021 0.013521
0.0002125 0.016712
0.000215 0.017244
0.0002175 0.019373
0.00022 0.017779
0.0002225 0.015648
0.000225 0.016181
0.0002275 0.01778
0.00023 0.017777
0.0002325 0.014583
0.000235 0.015648
0.0002375 0.020971
0.00024 0.023098
0.0002425 0.026293
0.000245 0.032678
0.0002475 0.037468
0.00025 0.038532
0.0002525 0.041189
0.000255 0.04545
0.0002575 0.051834
0.00026 0.060347
0.0002625 0.067268
0.000265 0.071522
0.0002675 0.07312
0.00027 0.077909
0.0002725 0.084829
0.000275 0.095471
0.0002775 0.10398
0.00028 0.10877
0.0002825 0.1109
0.000285 0.11835
0.0002875 0.12314
0.00029 0.12368
0.0002925 0.12846
0.000295 0.13911
0.0002975 0.14443
0.0003 0.14868
0.0003025 0.14549
0.000305 0.13378
0.0003075 0.11729
0.00031 0.10398
0.0003125 0.087486
0.000315 0.076845
0.0003175 0.066735
0.00032 0.055025
0.0003225 0.045448
0.000325 0.038
0.0003275 0.027888
0.00033 0.021502
0.0003325 0.014051
0.000335 0.008732
0.0003375 0.002876
0.00034 -0.006703
0.0003425 -0.016814
0.000345 -0.022132
0.0003475 -0.020004
0.00035 -0.01894
0.0003525 -0.025328
0.000355 -0.031713
0.0003575 -0.031709
0.00036 -0.03384
0.0003625 -0.036501
0.000365 -0.037567
0.0003675 -0.035437
0.00037 -0.033306
0.0003725 -0.029051
0.000375 -0.029585
0.0003775 -0.013089
0.00038 -0.017348
0.0003825 -0.01628
0.000385 -0.015749
0.0003875 -0.016279
0.00039 -0.016279
0.0003925 -0.010428
0.000395 -0.008299
0.0003975 -0.01149
0.0004 -0.014152
0.0004025 -0.013085
0.000405 -0.014152
0.0004075 -0.009898
0.00041 -0.008295
0.0004125 -0.01096
0.000415 -0.009893
0.0004175 -0.007765
0.00042 -0.001911
0.0004225 0.001278
0.000425 0.001812
0.0004275 0.000217
0.00043 0.002346
0.0004325 -0.001913
0.000435 -0.007764
0.0004375 -0.0067
0.00044 -0.002975
0.0004425 -0.004042
0.000445 -0.003508
0.0004475 -0.004042
0.00045 -0.000845
0.0004525 -0.002975
0.000455 -0.00191
0.0004575 -0.000317
0.00046 -0.001383
0.0004625 -0.004042
0.000465 -0.006172
0.0004675 -0.005638
0.00047 -0.012024
0.0004725 -0.017344
0.000475 -0.016281
0.0004775 -0.016813
0.00048 -0.01681
0.0004825 -0.018408
0.000485 -0.017877
0.0004875 -0.018409
0.00049 -0.018408
0.0004925 -0.015745
0.000495 -0.016813
0.0004975 -0.020538
0.0005 -0.02426
0.0005025 -0.023731
0.000505 -0.018409
0.0005075 -0.01841
0.00051 -0.020006
0.0005125 -0.021068
0.000515 -0.01894
0.0005175 -0.022133
0.00052 -0.026924
0.0005225 -0.03118
0.000525 -0.030115
0.0005275 -0.029051
0.00053 -0.024794
0.0005325 -0.022665
0.000535 -0.022665
0.0005375 -0.021599
0.00054 -0.015745
0.0005425 -0.013088
0.000545 -0.012024
0.0005475 -0.013088
0.00055 -0.018408
0.0005525 -0.018409
0.000555 -0.012024
0.0005575 -0.007235
0.00056 -0.004574
0.0005625 -0.001382
0.000565 -0.000316
0.0005675 0.000218
0.00057 -0.000317
0.0005725 -0.007232
0.000575 -0.007765
0.0005775 -0.005638
0.00058 -0.001379
0.0005825 -0.00351
0.000585 -0.006702
0.0005875 -0.010426
0.00059 -0.012554
0.0005925 -0.012024
0.000595 -0.008833
0.0005975 -0.009896
0.0006 -0.008831
0.0006025 -0.005639
0.000605 -0.002976
0.0006075 -0.002977
0.00061 0.000748
0.0006125 0.006605
0.000615 0.006071
0.0006175 0.006071
0.00062 0.005541
0.0006225 0.003939
0.000625 0.005541
0.0006275 0.001812
0.00063 0.002346
0.0006325 0.002346
0.000635 0.002347
0.0006375 0.002344
0.00064 0.002878
0.0006425 -0.000847
0.000645 -0.002977
0.0006475 -0.002444
0.00065 -0.005638
0.0006525 -0.010961
0.000655 -0.013622
0.0006575 -0.010428
0.00066 -0.00404
0.0006625 -0.009363
0.000665 -0.010427
0.0006675 -0.006703
0.00067 -0.007769
0.0006725 -0.009896
0.000675 -0.009897
0.0006775 -0.007233
0.00068 -0.010427
0.0006825 -0.006703
0.000685 -0.003512
0.0006875 -0.005638
0.00069 -0.004574
0.0006925 -0.004574
0.000695 -0.005108
0.0006975 -0.006702
0.0007 -0.006701
0.0007025 -0.007764
0.000705 -0.008295
0.0007075 -0.009894
0.00071 -0.008833
0.0007125 -0.010956
0.000715 -0.015215
0.0007175 -0.01894
0.00072 -0.013622
0.0007225 -0.012022
0.000725 -0.008299
0.0007275 -0.007233
0.00073 -0.002977
0.0007325 -0.004042
0.000735 -0.003507
0.0007375 -0.00404
0.00074 -0.003507
0.0007425 -0.005638
0.000745 -0.004574
0.0007475 -0.000317
