    0 -0.030093
2.5e-06 -0.070887
5e-06 -0.078675
7.5e-06 -0.036141
1e-05 -0.017376
1.25e-05 -0.089433
1.5e-05 -0.083904
1.75e-05 -0.036595
2e-05 0.013081
2.25e-05 -0.065037
2.5e-05 -0.090746
2.75e-05 -0.080595
3e-05 -0.080871
3.25e-05 -0.04377
3.5e-05 -0.05712
3.75e-05 -0.034144
4e-05 0.011629
4.25e-05 -0.003117
4.5e-05 0.026183
4.75e-05 0.008743
5e-05 -0.020185
5.25e-05 -0.058496
5.5e-05 -0.073964
5.75e-05 -0.063488
6e-05 -0.037882
6.25e-05 -0.082375
6.5e-05 -0.093971
6.75e-05 -0.045472
7e-05 -0.019609
7.25e-05 0.012557
7.5e-05 0.063181
7.75e-05 -1.6204
8e-05 -10.489
8.25e-05 -11.772
8.5e-05 -11.756
8.75e-05 -11.8
9e-05 -11.758
9.25e-05 -11.751
9.5e-05 -11.745
9.75e-05 -11.732
0.0001 -11.703
0.0001025 -11.642
0.000105 -11.688
0.0001075 -11.691
0.00011 -11.67
0.0001125 -11.64
0.000115 -11.688
0.0001175 -11.677
0.00012 -11.682
0.0001225 -11.7
0.000125 -11.695
0.0001275 -11.717
0.00013 -11.672
0.0001325 -11.634
0.000135 -11.564
0.0001375 -11.559
0.00014 -11.553
0.0001425 -11.57
0.000145 -11.545
0.0001475 -11.556
0.00015 -1.898
0.0001525 20.477
0.000155 13.186
0.0001575 12.71
0.00016 12.69
0.0001625 12.599
0.000165 12.616
0.0001675 12.63
0.00017 12.606
0.0001725 12.597
0.000175 12.593
0.0001775 12.547
0.00018 12.549
0.0001825 12.484
0.000185 12.47
0.0001875 12.412
0.00019 12.365
0.0001925 12.348
0.000195 12.373
0.0001975  12.4
0.0002 12.396
0.0002025 12.37
0.000205 12.346
0.0002075 12.323
0.00021 12.331
0.0002125 12.303
0.000215 12.244
0.0002175 12.238
0.00022 12.24
0.0002225 12.26
0.000225 12.212
0.0002275 12.232
0.00023 12.249
0.0002325 12.228
0.000235 12.221
0.0002375 12.173
0.00024 12.204
0.0002425 12.208
0.000245 12.236
0.0002475 12.232
0.00025 12.21
0.0002525 12.186
0.000255 12.179
0.0002575 12.177
0.00026 12.177
0.0002625 12.119
0.000265 12.063
0.0002675 12.11
0.00027 12.11
0.0002725 12.036
0.000275 12.08
0.0002775 12.098
0.00028 12.089
0.0002825 12.066
0.000285 12.04
0.0002875 11.998
0.00029 12.021
0.0002925 12.041
0.000295 12.007
0.0002975 11.997
0.0003 2.3763
0.0003025 -19.907
0.000305 -12.803
0.0003075 -12.363
0.00031 -12.35
0.0003125 -12.337
0.000315 -12.319
0.0003175 -12.348
0.00032 -12.309
0.0003225 -12.279
0.000325 -12.251
0.0003275 -12.246
0.00033 -12.272
0.0003325 -12.252
0.000335 -12.256
0.0003375 -12.265
0.00034 -12.234
0.0003425 -12.235
0.000345 -12.15
0.0003475 -12.113
0.00035 -12.123
0.0003525 -12.138
0.000355 -12.126
0.0003575 -12.155
0.00036 -12.123
0.0003625 -12.079
0.000365 -12.071
0.0003675 -12.111
0.00037 -12.13
0.0003725 -12.097
0.000375 -12.008
0.0003775 -9.1937
0.00038 -0.86324
0.0003825 -0.31993
0.000385 -0.28431
0.0003875 -0.29595
0.00039 -0.26413
0.0003925 -0.294
0.000395 -0.30805
0.0003975 -0.28525
0.0004 -0.25007
0.0004025 -0.23041
0.000405 -0.25389
0.0004075 -0.23525
0.00041 -0.19775
0.0004125 -0.18436
0.000415 -0.20678
0.0004175 -0.13585
0.00042 -0.10164
0.0004225 -0.13382
0.000425 -0.12195
0.0004275 -0.16148
0.00043 -0.18143
0.0004325 -0.17792
0.000435 -0.12001
0.0004375 -0.14886
0.00044 -0.15407
0.0004425 -0.18954
0.000445 -0.12516
0.0004475 -0.10991
0.00045 -0.10107
0.0004525 -0.10022
0.000455 -0.14614
0.0004575 -0.19268
0.00046 -0.12413
0.0004625 -0.12861
0.000465 -0.10868
0.0004675 -0.04834
0.00047 0.013926
0.0004725 0.000332
0.000475 -0.042867
0.0004775 -0.021932
0.00048 -0.032614
0.0004825 -0.035705
0.000485 -0.020876
0.0004875 -0.040967
0.00049 -0.12405
0.0004925 -0.12117
0.000495 -0.085152
0.0004975 -0.091821
0.0005 -0.092736
0.0005025 -0.13667
0.000505 -0.070567
0.0005075 -0.017824
0.00051 -0.018118
0.0005125 -0.037927
0.000515 -0.094278
0.0005175 -0.066105
0.00052 -0.062343
0.0005225 -0.10136
0.000525 -0.034618
0.0005275 0.011091
0.00053 -0.001562
0.0005325 -0.028711
0.000535 -0.02937
0.0005375 -0.015481
0.00054 -0.013184
0.0005425 -0.11529
0.000545 -0.07598
0.0005475 -0.12365
0.00055 -0.12369
0.0005525 -0.082618
0.000555 -0.080173
0.0005575 -0.079258
0.00056 -0.091993
0.0005625 -0.084768
0.000565 -0.092563
0.0005675 -0.048717
0.00057 -0.054477
0.0005725 -0.052134
0.000575 -0.072218
0.0005775 -0.03584
0.00058 -0.017324
0.0005825 -0.050944
0.000585 -0.023668
0.0005875 -0.041843
0.00059 -0.11973
0.0005925 -0.088064
0.000595 -0.050752
0.0005975 -0.074713
0.0006 -0.086022
0.0006025 -0.079872
0.000605 -0.005479
0.0006075 0.020576
0.00061 -0.038784
0.0006125 -0.053657
0.000615 -0.061203
0.0006175 -0.071763
0.00062 -0.053408
0.0006225 -0.10003
0.000625 -0.077632
0.0006275 -0.050855
0.00063 -0.041491
0.0006325 -0.088166
0.000635 -0.098605
0.0006375 -0.13046
0.00064 -0.059213
0.0006425 -0.020314
0.000645 -0.034618
0.0006475 -0.1144
0.00065 -0.13498
0.0006525 -0.10575
0.000655 -0.095341
0.0006575 -0.089479
0.00066 -0.049261
0.0006625 -0.059897
0.000665 -0.07058
0.0006675 -0.05296
0.00067 -0.077779
0.0006725 -0.068448
0.000675 -0.029389
0.0006775 -0.011104
0.00068 -0.036659
0.0006825 -0.053433
0.000685 -0.081965
0.0006875 -0.076058
0.00069 -0.096333
0.0006925 -0.13692
0.000695 -0.10664
0.0006975 -0.10616
0.0007 -0.060582
0.0007025 -0.050701
0.000705 -0.056781
0.0007075 -0.083418
0.00071 -0.092915
0.0007125 -0.039366
0.000715 -0.013484
0.0007175 -0.029254
0.00072 -0.038733
0.0007225 -0.057799
0.000725 -0.12568
0.0007275 -0.080512
0.00073 -0.047059
0.0007325 -0.0664
0.000735 -0.061639
0.0007375 -0.09216
0.00074 -0.11741
0.0007425 -0.090701
0.000745 -0.05081
0.0007475 -0.053344
