    0 0.010965
2.5e-06 -0.020984
5e-06 -0.023057
7.5e-06 -0.027218
1e-05 0.002657
1.25e-05 0.034312
1.5e-05 0.03387
1.75e-05 0.012846
2e-05 -0.007729
2.25e-05 -0.021349
2.5e-05 0.011637
2.75e-05 -0.006751
3e-05 0.01572
3.25e-05 0.039093
3.5e-05 0.015106
3.75e-05 -0.02019
4e-05 -0.02254
4.25e-05 0.003631
4.5e-05 0.044385
4.75e-05 0.014632
5e-05 0.029268
5.25e-05 -0.003634
5.5e-05 -0.034303
5.75e-05 -0.025131
6e-05 -0.041068
6.25e-05 -0.060536
6.5e-05 -0.035672
6.75e-05 -0.04236
7e-05 -0.02172
7.25e-05 0.040719
7.5e-05 19.852
7.75e-05 29.35
8e-05 23.997
8.25e-05 23.991
8.5e-05 23.973
8.75e-05 23.953
9e-05 23.956
9.25e-05 23.959
9.5e-05 23.937
9.75e-05  23.9
0.0001 23.884
0.0001025 23.862
0.000105 23.883
0.0001075 23.888
0.00011 23.879
0.0001125 23.863
0.000115 23.833
0.0001175 23.809
0.00012 23.793
0.0001225 23.79
0.000125 23.818
0.0001275 23.83
0.00013 23.828
0.0001325 23.84
0.000135 23.854
0.0001375 23.815
0.00014 23.813
0.0001425 23.785
0.000145 23.832
0.0001475 22.703
0.00015 -2.4352
0.0001525 -20.612
0.000155 -23.796
0.0001575 -23.682
0.00016 -23.587
0.0001625 -23.517
0.000165 -23.515
0.0001675 -23.486
0.00017 -23.455
0.0001725 -23.453
0.000175 -23.457
0.0001775 -23.48
0.00018 -23.512
0.0001825 -23.486
0.000185 -23.46
0.0001875 -23.451
0.00019 -23.456
0.0001925 -23.417
0.000195 -23.448
0.0001975 -23.398
0.0002 -23.429
0.0002025 -23.434
0.000205 -23.435
0.0002075 -23.443
0.00021 -23.437
0.0002125 -23.406
0.000215 -23.412
0.0002175 -23.469
0.00022 -23.42
0.0002225 -23.424
0.000225 -23.447
0.0002275 -23.413
0.00023 -23.385
0.0002325 -23.414
0.000235 -23.403
0.0002375 -23.387
0.00024 -23.343
0.0002425 -23.394
0.000245 -23.371
0.0002475 -23.38
0.00025 -23.42
0.0002525 -23.45
0.000255 -23.37
0.0002575 -23.317
0.00026 -23.352
0.0002625 -23.359
0.000265 -23.365
0.0002675 -23.331
0.00027 -23.341
0.0002725 -23.314
0.000275 -23.306
0.0002775 -23.366
0.00028 -23.379
0.0002825 -23.348
0.000285 -23.304
0.0002875 -23.298
0.00029 -23.307
0.0002925 -23.264
0.000295 -23.244
0.0002975 -22.107
0.0003 3.1071
0.0003025 20.97
0.000305 24.092
0.0003075 23.964
0.00031 23.94
0.0003125 23.895
0.000315 23.834
0.0003175 23.832
0.00032 23.857
0.0003225 23.847
0.000325 23.845
0.0003275 23.824
0.00033 23.848
0.0003325 23.858
0.000335 23.869
0.0003375 23.844
0.00034 23.865
0.0003425 23.894
0.000345 23.875
0.0003475 23.894
0.00035 23.926
0.0003525 23.904
0.000355 23.911
0.0003575 23.895
0.00036 23.86
0.0003625 23.864
0.000365 23.86
0.0003675 23.902
0.00037 23.874
0.0003725 22.989
0.000375 -0.942
0.0003775 -3.8327
0.00038 -0.11144
0.0003825 -0.02851
0.000385 -0.054072
0.0003875 -0.023659
0.00039 -0.024498
0.0003925 0.002133
0.000395 -0.020702
0.0003975 0.042344
0.0004 0.019125
0.0004025 0.021717
0.000405 0.042145
0.0004075 0.030529
0.00041 0.021333
0.0004125 0.061646
0.000415 0.058561
0.0004175 -0.014245
0.00042 -0.056114
0.0004225 0.003176
0.000425 0.014709
0.0004275 0.027061
0.00043 0.005397
0.0004325 0.04267
0.000435 0.031157
0.0004375 0.012815
0.00044 -0.009252
0.0004425 0.020001
0.000445 -0.004895
0.0004475 -0.004831
0.00045 0.018977
0.0004525 0.052129
0.000455 0.009493
0.0004575 0.045787
0.00046 0.057486
0.0004625 0.026568
0.000465 0.02564
0.0004675 0.033173
0.00047 -0.016677
0.0004725 -0.027825
0.000475 -0.02165
0.0004775 -0.004702
0.00048 0.020354
0.0004825 0.018447
0.000485 0.001857
0.0004875 -0.061259
0.00049 -0.077426
0.0004925 -0.023998
0.000495 -0.058302
0.0004975 -0.08965
0.0005 -0.093176
0.0005025 -0.048817
0.000505 0.030344
0.0005075 0.008309
0.00051 -0.035391
0.0005125 0.019086
0.000515 0.053096
0.0005175 0.052232
0.00052 0.01078
0.0005225 -0.000159
0.000525 0.022574
0.0005275 0.021045
0.00053 0.006113
0.0005325 -0.009304
0.000535 -0.016485
0.0005375 -0.014923
0.00054 -0.008875
0.0005425 -0.002744
0.000545 0.022248
0.0005475 0.043343
0.00055 0.036565
0.0005525 0.028552
0.000555 0.042939
0.0005575 0.018209
0.00056 0.022882
0.0005625 0.028034
0.000565 0.041013
0.0005675 0.049045
0.00057 0.013992
0.0005725 0.02381
0.000575 0.067521
0.0005775 0.042562
0.00058 0.066773
0.0005825 0.075944
0.000585 0.027688
0.0005875 -0.01845
0.00059 -0.083826
0.0005925 -0.054027
0.000595 0.014094
0.0005975 0.035829
0.0006 0.043784
0.0006025 0.028783
0.000605 0.069205
0.0006075 0.031393
0.00061 -0.022085
0.0006125 -0.022578
0.000615 0.023124
0.0006175 0.050606
0.00062 0.074184
0.0006225 0.05661
0.000625 0.025423
0.0006275 -0.02565
0.00063 0.011701
0.0006325 -0.000594
0.000635 0.011157
0.0006375 0.010453
0.00064 -0.008049
0.0006425 -0.012926
0.000645 -0.005272
0.0006475 -0.028408
0.00065 0.017953
0.0006525 -0.011608
0.000655 -0.000946
0.0006575 0.023758
0.00066 0.032527
0.0006625 0.05821
0.000665 0.026504
0.0006675 0.077902
0.00067 0.098005
0.0006725 0.042024
0.000675 0.091093
0.0006775 0.11004
0.00068 0.068609
0.0006825 0.042415
0.000685 0.028354
0.0006875 0.033064
0.00069 0.029928
0.0006925 0.003061
0.000695 -0.023596
0.0006975 0.016578
0.0007 -0.016395
0.0007025 -0.032651
0.000705 -0.055857
0.0007075 -0.007006
0.00071 -0.036799
0.0007125 0.001032
0.000715 -0.015333
0.0007175 0.010735
0.00072 0.007278
0.0007225 -0.01973
0.000725 -0.054417
0.0007275 -0.069458
0.00073 -0.07731
0.0007325 -0.08702
0.000735 -0.040492
0.0007375 -0.017727
0.00074 0.030766
0.0007425 -0.028766
0.000745 -0.016472
0.0007475 0.003304
