    0 -0.004038
2.5e-06 -0.029094
5e-06 0.00617
7.5e-06 0.036589
1e-05 0.088326
1.25e-05 0.15615
1.5e-05 0.21009
1.75e-05 0.15594
2e-05 0.07977
2.25e-05 0.070547
2.5e-05 0.10267
2.75e-05 0.10341
3e-05 0.073811
3.25e-05 0.039142
3.5e-05 0.023002
3.75e-05 -0.002208
4e-05 0.037075
4.25e-05 0.13636
4.5e-05 0.18379
4.75e-05 0.12059
5e-05 0.088614
5.25e-05 0.13595
5.5e-05 0.10074
5.75e-05 0.12939
6e-05 0.12648
6.25e-05 0.12091
6.5e-05 0.096653
6.75e-05 0.02672
7e-05 0.043104
7.25e-05 0.02224
7.5e-05 0.04711
7.75e-05 -6.3905
8e-05 -11.651
8.25e-05 -11.62
8.5e-05 -11.587
8.75e-05 -11.536
9e-05 -11.587
9.25e-05 -11.581
9.5e-05 -11.584
9.75e-05 -11.572
0.0001 -11.533
0.0001025 -11.597
0.000105 -11.573
0.0001075 -11.52
0.00011 -11.539
0.0001125 -11.527
0.000115 -11.496
0.0001175 -11.548
0.00012 -11.563
0.0001225 -11.495
0.000125 -11.507
0.0001275 -11.515
0.00013 -11.477
0.0001325 -11.494
0.000135 -11.444
0.0001375 -11.462
0.00014 -11.496
0.0001425 -11.454
0.000145 -11.449
0.0001475 -10.321
0.00015 14.603
0.0001525 16.342
0.000155 12.875
0.0001575 12.818
0.00016 12.794
0.0001625 12.824
0.000165 12.785
0.0001675 12.743
0.00017 12.728
0.0001725 12.688
0.000175 12.635
0.0001775 12.626
0.00018 12.587
0.0001825 12.609
0.000185 12.63
0.0001875 12.622
0.00019 12.634
0.0001925 12.616
0.000195 12.519
0.0001975 12.524
0.0002 12.48
0.0002025 12.48
0.000205 12.493
0.0002075 12.497
0.00021 12.449
0.0002125 12.44
0.000215 12.461
0.0002175 12.441
0.00022 12.488
0.0002225 12.438
0.000225 12.405
0.0002275 12.374
0.00023 12.337
0.0002325 12.286
0.000235 12.268
0.0002375 12.286
0.00024 12.299
0.0002425 12.247
0.000245 12.245
0.0002475 12.269
0.00025 12.21
0.0002525 12.169
0.000255  12.2
0.0002575 12.173
0.00026 12.142
0.0002625 12.115
0.000265 12.122
0.0002675 12.142
0.00027 12.155
0.0002725 12.18
0.000275 12.165
0.0002775 12.137
0.00028 12.084
0.0002825 12.082
0.000285 12.089
0.0002875 12.087
0.00029 12.083
0.0002925 12.094
0.000295 12.072
0.0002975 10.925
0.0003 -13.772
0.0003025 -15.711
0.000305 -12.362
0.0003075 -12.391
0.00031 -12.336
0.0003125 -12.322
0.000315 -12.28
0.0003175 -12.276
0.00032 -12.25
0.0003225 -12.236
0.000325 -12.216
0.0003275 -12.207
0.00033 -12.208
0.0003325 -12.204
0.000335 -12.144
0.0003375 -12.123
0.00034 -12.074
0.0003425 -12.064
0.000345 -12.032
0.0003475 -12.01
0.00035 -12.01
0.0003525 -11.986
0.000355 -11.935
0.0003575 -11.943
0.00036 -11.981
0.0003625 -11.944
0.000365 -11.954
0.0003675 -11.922
0.00037 -11.939
0.0003725 -11.987
0.000375 -11.75
0.0003775 -3.827
0.00038 -0.2015
0.0003825 -0.16135
0.000385 -0.17255
0.0003875 -0.146
0.00039 -0.13941
0.0003925 -0.13046
0.000395 -0.15291
0.0003975 -0.063904
0.0004 -0.020403
0.0004025 -0.057587
0.000405 -0.15383
0.0004075 -0.13103
0.00041 -0.056333
0.0004125 -0.014163
0.000415 -0.015277
0.0004175 -0.12023
0.00042 -0.095046
0.0004225 -0.038348
0.000425 -0.058272
0.0004275 -0.10202
0.00043 -0.12655
0.0004325 -0.086452
0.000435 -0.12065
0.0004375 -0.12143
0.00044 -0.071436
0.0004425 -0.020339
0.000445 -0.015322
0.0004475 -0.039802
0.00045 -0.014349
0.0004525 -0.050343
0.000455 -0.000608
0.0004575 0.008947
0.00046 0.025837
0.0004625 0.00608
0.000465 0.001984
0.0004675 0.069478
0.00047 0.046426
0.0004725 0.025543
0.000475 0.051449
0.0004775 0.075853
0.00048 0.098131
0.0004825 0.039476
0.000485 0.063718
0.0004875 0.041075
0.00049 0.006106
0.0004925 -0.011436
0.000495 0.011955
0.0004975 0.031226
0.0005 0.035878
0.0005025 0.036039
0.000505 0.079078
0.0005075 0.023193
0.00051 -0.017331
0.0005125 -0.002291
0.000515 0.000679
0.0005175 -0.00887
0.00052 0.06921
0.0005225 0.070675
0.000525 0.1073
0.0005275 0.044288
0.00053 0.026092
0.0005325 0.032032
0.000535 0.093402
0.0005375 0.10765
0.00054 0.062957
0.0005425 0.00281
0.000545 0.038931
0.0005475 0.084096
0.00055 0.076691
0.0005525 0.084039
0.000555 0.083328
0.0005575 0.014323
0.00056 0.047642
0.0005625 0.062387
0.000565 0.032871
0.0005675 0.053965
0.00057 0.072743
0.0005725 0.054157
0.000575 0.073177
0.0005775 0.061178
0.00058 0.076518
0.0005825 0.069881
0.000585 0.068781
0.0005875 0.09399
0.00059 0.008294
0.0005925 0.022279
0.000595 0.049485
0.0005975 0.058611
0.0006 0.049549
0.0006025 0.023239
0.000605 0.085203
0.0006075 0.093043
0.00061 0.03929
0.0006125 0.024621
0.000615 0.059878
0.0006175 0.067482
0.00062 0.075296
0.0006225 0.081946
0.000625 0.045927
0.0006275 0.031168
0.00063 0.019283
0.0006325 0.033779
0.000635 0.082963
0.0006375 0.071591
0.00064 0.097888
0.0006425 0.087629
0.000645 0.09234
0.0006475 0.095655
0.00065 0.088889
0.0006525 0.091028
0.000655 0.067878
0.0006575 0.035443
0.00066 0.061005
0.0006625 0.054227
0.000665 0.05616
0.0006675 0.12177
0.00067 0.16868
0.0006725 0.12269
0.000675 0.127
0.0006775 0.15451
0.00068 0.12918
0.0006825 0.14966
0.000685 0.096653
0.0006875 0.096339
0.00069 0.15404
0.0006925 0.11424
0.000695 0.044179
0.0006975 0.043636
0.0007 0.014048
0.0007025 0.013945
0.000705 0.058195
0.0007075 0.10816
0.00071 0.049856
0.0007125 0.11061
0.000715 0.11678
0.0007175 0.176
0.00072 0.12572
0.0007225 0.12238
0.000725 0.14462
0.0007275 0.14552
0.00073 0.094394
0.0007325 0.069593
0.000735 0.061728
0.0007375 0.063379
0.00074 0.11206
0.0007425 0.090496
0.000745 0.09008
0.0007475 0.028256
