    0 0.011642
2.5e-06 0.013239
5e-06 0.012709
7.5e-06 0.015371
1e-05 0.0175
1.25e-05 0.016966
1.5e-05 0.012177
1.75e-05 0.009514
2e-05 0.01111
2.25e-05 0.01111
2.5e-05 0.01111
2.75e-05 0.007385
3e-05 0.005253
3.25e-05 0.004721
3.5e-05 0.002058
3.75e-05 0.00153
4e-05 0.003124
4.25e-05 0.002592
4.5e-05 0.002592
4.75e-05 0.004721
5e-05 0.006319
5.25e-05 0.009514
5.5e-05 0.013239
5.75e-05 0.013239
6e-05 0.010576
6.25e-05 0.007915
6.5e-05 0.003124
6.75e-05 0.002592
7e-05 0.002592
7.25e-05 0.000996
7.5e-05 0.002592
7.75e-05 -0.10708
8e-05 -0.80343
8.25e-05 -1.3326
8.5e-05 -1.7926
8.75e-05 -2.2169
9e-05 -2.6178
9.25e-05 -3.0016
9.5e-05 -3.3711
9.75e-05 -3.7315
0.0001 -4.0845
0.0001025 -4.4311
0.000105 -4.7713
0.0001075 -5.1051
0.00011 -5.4383
0.0001125 -5.7673
0.000115 -6.0905
0.0001175 -6.4121
0.00012 -6.7278
0.0001225 -7.0392
0.000125 -7.3544
0.0001275 -7.6701
0.00013 -7.9773
0.0001325 -8.2807
0.000135 -8.5836
0.0001375 -8.8828
0.00014 -9.182
0.0001425 -9.4775
0.000145 -9.7698
0.0001475 -10.06
0.00015 -10.35
0.0001525 -10.1
0.000155 -9.1123
0.0001575 -8.3797
0.00016 -7.7622
0.0001625 -7.2122
0.000165 -6.7049
0.0001675 -6.2257
0.00017 -5.7684
0.0001725 -5.3303
0.000175 -4.9001
0.0001775 -4.4811
0.00018 -4.0701
0.0001825 -3.6666
0.000185 -3.2684
0.0001875 -2.8749
0.00019 -2.4847
0.0001925 -2.0971
0.000195 -1.7143
0.0001975 -1.3438
0.0002 -0.96634
0.0002025 -0.59634
0.000205 -0.23219
0.0002075 0.1309
0.00021 0.49398
0.0002125 0.85387
0.000215 1.2116
0.0002175 1.5699
0.00022 1.925
0.0002225 2.2737
0.000225 2.6235
0.0002275 2.969
0.00023 3.3119
0.0002325 3.6537
0.000235 3.9923
0.0002375 4.3266
0.00024 4.6588
0.0002425 4.9947
0.000245 5.3227
0.0002475 5.6522
0.00025 5.9812
0.0002525 6.3038
0.000255 6.6297
0.0002575 6.9528
0.00026 7.2701
0.0002625 7.5858
0.000265 7.8973
0.0002675 8.2071
0.00027 8.5175
0.0002725 8.8273
0.000275 9.134
0.0002775 9.4385
0.00028 9.7414
0.0002825 10.042
0.000285 10.342
0.0002875 10.638
0.00029 10.936
0.0002925 11.233
0.000295 11.529
0.0002975 11.821
0.0003 12.111
0.0003025 11.838
0.000305 10.816
0.0003075 10.056
0.00031 9.4076
0.0003125 8.8209
0.000315 8.2811
0.0003175 7.7727
0.00032 7.2872
0.0003225 6.8192
0.000325 6.3677
0.0003275 5.9232
0.00033 5.493
0.0003325 5.0719
0.000335 4.6577
0.0003375 4.2462
0.00034 3.8443
0.0003425 3.4444
0.000345 3.0489
0.0003475 2.6624
0.00035 2.2791
0.0003525 1.8952
0.000355 1.5177
0.0003575 1.1414
0.00036 0.77082
0.0003625 0.40081
0.000365 0.034002
0.0003675 -0.32376
0.00037 -0.68098
0.0003725 -1.0366
0.000375 -1.3885
0.0003775 -1.5243
0.00038 -1.2139
0.0003825 -1.0441
0.000385 -0.9296
0.0003875 -0.85028
0.00039 -0.79172
0.0003925 -0.74381
0.000395 -0.7076
0.0003975 -0.67832
0.0004 -0.6565
0.0004025 -0.63893
0.000405 -0.62189
0.0004075 -0.60486
0.00041 -0.58995
0.0004125 -0.57823
0.000415 -0.57291
0.0004175 -0.56439
0.00042 -0.55268
0.0004225 -0.5447
0.000425 -0.5399
0.0004275 -0.53618
0.00043 -0.53245
0.0004325 -0.52606
0.000435 -0.52233
0.0004375 -0.52074
0.00044 -0.51754
0.0004425 -0.50956
0.000445 -0.50051
0.0004475 -0.49731
0.00045 -0.49731
0.0004525 -0.49625
0.000455 -0.49039
0.0004575 -0.49039
0.00046 -0.48933
0.0004625 -0.48613
0.000465 -0.48241
0.0004675 -0.47974
0.00047 -0.47921
0.0004725 -0.47708
0.000475 -0.47655
0.0004775 -0.47389
0.00048 -0.46857
0.0004825 -0.46537
0.000485 -0.46218
0.0004875 -0.46218
0.00049 -0.46324
0.0004925 -0.45952
0.000495 -0.46164
0.0004975 -0.46271
0.0005 -0.46058
0.0005025 -0.45845
0.000505 -0.45472
0.0005075 -0.44674
0.00051 -0.43769
0.0005125 -0.43449
0.000515 -0.43183
0.0005175 -0.42385
0.00052 -0.42012
0.0005225 -0.42118
0.000525 -0.41799
0.0005275 -0.41426
0.00053 -0.4116
0.0005325 -0.40894
0.000535 -0.40787
0.0005375 -0.40574
0.00054 -0.40521
0.0005425 -0.39723
0.000545 -0.3903
0.0005475 -0.38764
0.00055 -0.38764
0.0005525 -0.38977
0.000555 -0.38658
0.0005575 -0.38551
0.00056 -0.38498
0.0005625 -0.38285
0.000565 -0.37966
0.0005675 -0.37646
0.00057 -0.37646
0.0005725 -0.37753
0.000575 -0.37593
0.0005775 -0.37593
0.00058 -0.37487
0.0005825 -0.37433
0.000585 -0.37327
0.0005875 -0.37327
0.00059 -0.37433
0.0005925 -0.37167
0.000595 -0.36635
0.0005975 -0.36369
0.0006 -0.36794
0.0006025 -0.37061
0.000605 -0.36848
0.0006075 -0.36369
0.00061 -0.36369
0.0006125 -0.36049
0.000615 -0.35623
0.0006175 -0.3573
0.00062 -0.35942
0.0006225 -0.36315
0.000625 -0.36315
0.0006275 -0.36156
0.00063 -0.35357
0.0006325 -0.34878
0.000635 -0.34825
0.0006375 -0.34505
0.00064 -0.34186
0.0006425 -0.3392
0.000645 -0.3392
0.0006475 -0.33866
0.00065 -0.3392
0.0006525 -0.33387
0.000655 -0.33015
0.0006575 -0.32801
0.00066 -0.32322
0.0006625 -0.3211
0.000665 -0.32376
0.0006675 -0.31897
0.00067 -0.3163
0.0006725 -0.31524
0.000675 -0.31204
0.0006775 -0.30938
0.00068 -0.30778
0.0006825 -0.30406
0.000685 -0.29714
0.0006875 -0.29501
0.00069 -0.29448
0.0006925 -0.29554
0.000695 -0.29288
0.0006975 -0.29022
0.0007 -0.28756
0.0007025 -0.2849
0.000705 -0.27851
0.0007075 -0.27638
0.00071 -0.27371
0.0007125 -0.27371
0.000715 -0.27265
0.0007175 -0.27212
0.00072 -0.27212
0.0007225 -0.27265
0.000725 -0.27265
0.0007275 -0.27584
0.00073 -0.27052
0.0007325 -0.26413
0.000735 -0.2604
0.0007375 -0.25881
0.00074 -0.25987
0.0007425 -0.25455
0.000745 -0.25082
0.0007475 -0.24869
