    0 0.025517
2.5e-06 -0.011008
5e-06 0.03177
7.5e-06 0.033357
1e-05 0.028986
1.25e-05 0.02448
1.5e-05 0.032819
1.75e-05 0.014886
2e-05 -0.02535
2.25e-05 -0.034829
2.5e-05 -0.045613
2.75e-05 -0.038752
3e-05 -0.092275
3.25e-05 -0.079706
3.5e-05 -0.052313
3.75e-05 -0.078144
4e-05 -0.078086
4.25e-05 -0.081466
4.5e-05 -0.078451
4.75e-05 -0.075168
5e-05 -0.083712
5.25e-05 -0.070572
5.5e-05 -0.10353
5.75e-05 -0.054035
6e-05 -0.028876
6.25e-05 -0.008371
6.5e-05 -0.025709
6.75e-05 -0.063866
7e-05 -0.038477
7.25e-05 -0.020089
7.5e-05 4.7495
7.75e-05 28.149
8e-05 14.341
8.25e-05 11.811
8.5e-05 11.886
8.75e-05 11.894
9e-05 11.923
9.25e-05 11.983
9.5e-05 12.01
9.75e-05 12.052
0.0001 12.06
0.0001025 12.051
0.000105 12.072
0.0001075 12.029
0.00011 12.006
0.0001125 12.035
0.000115 12.041
0.0001175 12.025
0.00012 12.031
0.0001225 12.048
0.000125 12.011
0.0001275 12.033
0.00013 12.026
0.0001325 12.044
0.000135 12.014
0.0001375 12.005
0.00014 12.013
0.0001425 12.026
0.000145 12.025
0.0001475 11.99
0.00015 2.9721
0.0001525 -18.869
0.000155 -11.91
0.0001575 -11.624
0.00016 -11.653
0.0001625 -11.685
0.000165 -11.739
0.0001675 -11.819
0.00017 -11.825
0.0001725 -11.893
0.000175 -11.906
0.0001775 -11.875
0.00018 -11.815
0.0001825 -11.848
0.000185 -11.869
0.0001875 -11.86
0.00019 -11.855
0.0001925 -11.868
0.000195 -11.841
0.0001975 -11.838
0.0002 -11.856
0.0002025 -11.831
0.000205 -11.827
0.0002075 -11.842
0.00021 -11.848
0.0002125 -11.817
0.000215 -11.829
0.0002175 -11.842
0.00022 -11.793
0.0002225 -11.785
0.000225 -11.796
0.0002275 -11.806
0.00023 -11.805
0.0002325 -11.772
0.000235 -11.788
0.0002375 -11.771
0.00024 -11.712
0.0002425 -11.708
0.000245 -11.725
0.0002475 -11.734
0.00025 -11.765
0.0002525 -11.773
0.000255 -11.763
0.0002575 -11.724
0.00026 -11.718
0.0002625 -11.699
0.000265 -11.704
0.0002675 -11.753
0.00027 -11.752
0.0002725 -11.709
0.000275 -11.688
0.0002775 -11.657
0.00028 -11.692
0.0002825 -11.682
0.000285 -11.659
0.0002875 -11.662
0.00029 -11.648
0.0002925 -11.64
0.000295 -11.627
0.0002975 -11.607
0.0003 -2.4631
0.0003025 19.339
0.000305 12.254
0.0003075 11.957
0.00031 12.023
0.0003125 12.036
0.000315 12.033
0.0003175 12.026
0.00032 12.064
0.0003225 12.079
0.000325 12.09
0.0003275 12.081
0.00033 12.079
0.0003325 12.034
0.000335 12.082
0.0003375 12.073
0.00034 12.076
0.0003425 12.051
0.000345 12.051
0.0003475 12.069
0.00035 12.044
0.0003525 12.064
0.000355 12.08
0.0003575 12.093
0.00036 12.096
0.0003625 12.078
0.000365 12.081
0.0003675 12.103
0.00037 12.112
0.0003725 12.089
0.000375 4.4649
0.0003775 -16.089
0.00038 -0.95244
0.0003825 0.26513
0.000385 0.17436
0.0003875 0.11091
0.00039 0.055085
0.0003925 0.022144
0.000395 -0.017203
0.0003975 0.015366
0.0004 0.003821
0.0004025 -0.034112
0.000405 -0.027456
0.0004075 -0.023782
0.00041 -0.06304
0.0004125 -0.025267
0.000415 -0.069011
0.0004175 -0.065485
0.00042 -0.053056
0.0004225 -0.099142
0.000425 -0.11745
0.0004275 -0.099769
0.00043 -0.11727
0.0004325 -0.10693
0.000435 -0.099584
0.0004375 -0.10567
0.00044 -0.099686
0.0004425 -0.069132
0.000445 -0.036531
0.0004475 -0.05424
0.00045 -0.066739
0.0004525 -0.049741
0.000455 -0.05193
0.0004575 -0.099155
0.00046 -0.05513
0.0004625 -0.064537
0.000465 -0.067385
0.0004675 -0.080102
0.00047 -0.049612
0.0004725 -0.069856
0.000475 -0.086649
0.0004775 -0.081043
0.00048 -0.036313
0.0004825 -0.05319
0.000485 -0.050899
0.0004875 -0.038092
0.00049 -0.03385
0.0004925 -0.03826
0.000495 -0.032998
0.0004975 -0.027238
0.0005 -0.06402
0.0005025 -0.043674
0.000505 -0.000314
0.0005075 -0.044436
0.00051 -0.057709
0.0005125 -0.034208
0.000515 -0.016025
0.0005175 -0.025292
0.00052 -0.020621
0.0005225 0.021178
0.000525 0.033875
0.0005275 0.008346
0.00053 -0.013799
0.0005325 -0.025357
0.000535 0.0024
0.0005375 0.001018
0.00054 0.004787
0.0005425 -0.018144
0.000545 -0.031033
0.0005475 -0.040115
0.00055 -0.014432
0.0005525 -0.00288
0.000555 0.01472
0.0005575 0.014624
0.00056 0.024359
0.0005625 0.021984
0.000565 0.041447
0.0005675 0.020384
0.00057 -0.004153
0.0005725 0.020115
0.000575 0.000416
0.0005775 -0.014035
0.00058 -0.013229
0.0005825 -0.004115
0.000585 -0.053926
0.0005875 -0.036525
0.00059 -0.04016
0.0005925 -0.017588
0.000595 -0.006419
0.0005975 -0.038791
0.0006 -0.03545
0.0006025 -0.021287
0.000605 -0.005184
0.0006075 0.026259
0.00061 0.041574
0.0006125 -0.010726
0.000615 0.005139
0.0006175 0.02713
0.00062 0.012838
0.0006225 -0.038118
0.000625 -0.07559
0.0006275 -0.051456
0.00063 -0.015078
0.0006325 -0.060826
0.000635 -0.066764
0.0006375 -0.027104
0.00064 -0.014644
0.0006425 -0.029235
0.000645 -0.014713
0.0006475 -0.020128
0.00065 -0.022694
0.0006525 -0.033677
0.000655 -0.0555
0.0006575 -0.006995
0.00066 -0.032051
0.0006625 -0.0448
0.000665 -0.055021
0.0006675 -0.041376
0.00067 -0.038957
0.0006725 -0.082855
0.000675 -0.091187
0.0006775 -0.060288
0.00068 0.012775
0.0006825 -0.026912
0.000685 -0.10547
0.0006875 -0.10615
0.00069 -0.090713
0.0006925 -0.097261
0.000695 -0.027853
0.0006975 -0.062311
0.0007 -0.094304
0.0007025 -0.040525
0.000705 -0.067047
0.0007075 -0.083424
0.00071 -0.11366
0.0007125 -0.10852
0.000715 -0.049894
0.0007175 -0.041101
0.00072 -0.01776
0.0007225 -0.013913
0.000725 -0.005036
0.0007275 0.011686
0.00073 0.00551
0.0007325 0.01335
0.000735 0.019284
0.0007375 0.024697
0.00074 -0.025735
0.0007425 -0.029894
0.000745 -0.033997
0.0007475 -0.004288
