    0 -0.15405
2.5e-06 -0.18994
5e-06 -0.17048
7.5e-06 -0.14036
1e-05 -0.15484
1.25e-05 -0.16543
1.5e-05 -0.13541
1.75e-05 -0.16748
2e-05 -0.17124
2.25e-05 -0.11263
2.5e-05 -0.12604
2.75e-05 -0.099162
3e-05 -0.115
3.25e-05 -0.072064
3.5e-05 -0.088877
3.75e-05 -0.061152
4e-05 -0.033504
4.25e-05 -0.050048
4.5e-05 -0.06064
4.75e-05 -0.059686
5e-05 -0.080628
5.25e-05 -0.071085
5.5e-05 -0.14113
5.75e-05 -0.12594
6e-05 -0.090796
6.25e-05 -0.09632
6.5e-05 -0.060249
6.75e-05 -0.062745
7e-05 -0.064102
7.25e-05 -0.12036
7.5e-05 5.1187
7.75e-05 28.176
8e-05 14.049
8.25e-05 11.739
8.5e-05 11.798
8.75e-05 11.845
9e-05 11.924
9.25e-05 11.967
9.5e-05 11.976
9.75e-05 12.022
0.0001 12.022
0.0001025 12.042
0.000105 12.066
0.0001075 12.028
0.00011 12.005
0.0001125 12.021
0.000115 12.018
0.0001175 11.999
0.00012 12.022
0.0001225 12.02
0.000125 12.049
0.0001275    12
0.00013 12.009
0.0001325 11.994
0.000135 11.964
0.0001375 11.925
0.00014 11.95
0.0001425 11.934
0.000145 11.954
0.0001475 11.959
0.00015 2.304
0.0001525 -19.002
0.000155 -11.928
0.0001575 -11.63
0.00016 -11.694
0.0001625 -11.751
0.000165 -11.739
0.0001675 -11.78
0.00017 -11.855
0.0001725 -11.84
0.000175 -11.82
0.0001775 -11.869
0.00018 -11.894
0.0001825 -11.894
0.000185 -11.896
0.0001875 -11.909
0.00019 -11.916
0.0001925 -11.916
0.000195 -11.914
0.0001975 -11.901
0.0002 -11.887
0.0002025 -11.878
0.000205 -11.894
0.0002075 -11.911
0.00021 -11.887
0.0002125 -11.897
0.000215 -11.894
0.0002175 -11.885
0.00022 -11.901
0.0002225 -11.88
0.000225 -11.855
0.0002275 -11.876
0.00023 -11.81
0.0002325 -11.854
0.000235 -11.849
0.0002375 -11.785
0.00024 -11.809
0.0002425 -11.822
0.000245 -11.772
0.0002475 -11.783
0.00025 -11.747
0.0002525 -11.808
0.000255 -11.807
0.0002575 -11.76
0.00026 -11.745
0.0002625 -11.781
0.000265 -11.771
0.0002675 -11.775
0.00027 -11.772
0.0002725 -11.77
0.000275 -11.749
0.0002775 -11.702
0.00028 -11.704
0.0002825 -11.728
0.000285 -11.727
0.0002875 -11.755
0.00029 -11.725
0.0002925 -11.709
0.000295 -11.689
0.0002975 -11.697
0.0003 -1.9563
0.0003025 19.244
0.000305 11.988
0.0003075 11.785
0.00031 11.898
0.0003125 11.92
0.000315 11.942
0.0003175 11.946
0.00032 12.002
0.0003225 12.003
0.000325 11.985
0.0003275 12.03
0.00033 12.009
0.0003325 12.028
0.000335 12.029
0.0003375 12.044
0.00034 12.06
0.0003425 12.043
0.000345 12.06
0.0003475 12.071
0.00035 12.019
0.0003525 12.002
0.000355 12.068
0.0003575 12.044
0.00036 12.038
0.0003625 12.021
0.000365 12.027
0.0003675 11.989
0.00037 12.01
0.0003725 12.009
0.000375 3.9006
0.0003775 -16.071
0.00038 -0.9002
0.0003825 0.1812
0.000385 0.03641
0.0003875 0.002528
0.00039 -0.012736
0.0003925 -0.057338
0.000395 -0.078413
0.0003975 -0.1398
0.0004 -0.15409
0.0004025 -0.12129
0.000405 -0.11492
0.0004075 -0.10534
0.00041 -0.13092
0.0004125 -0.15523
0.000415 -0.13808
0.0004175 -0.17431
0.00042 -0.16513
0.0004225 -0.15097
0.000425 -0.15836
0.0004275 -0.14206
0.00043 -0.1817
0.0004325 -0.19585
0.000435 -0.22363
0.0004375 -0.17656
0.00044 -0.14136
0.0004425 -0.13832
0.000445 -0.15124
0.0004475 -0.16483
0.00045 -0.16285
0.0004525 -0.15948
0.000455 -0.1417
0.0004575 -0.12902
0.00046 -0.16897
0.0004625 -0.14416
0.000465 -0.17248
0.0004675 -0.19585
0.00047 -0.14759
0.0004725 -0.17254
0.000475 -0.13629
0.0004775 -0.11325
0.00048 -0.12831
0.0004825 -0.12977
0.000485 -0.092448
0.0004875 -0.077907
0.00049 -0.14331
0.0004925 -0.11608
0.000495 -0.11102
0.0004975 -0.10477
0.0005 -0.12076
0.0005025 -0.10399
0.000505 -0.088672
0.0005075 -0.10653
0.00051 -0.11645
0.0005125 -0.13385
0.000515 -0.15014
0.0005175 -0.139
0.00052 -0.12723
0.0005225 -0.087949
0.000525 -0.094272
0.0005275 -0.083507
0.00053 -0.058304
0.0005325 -0.067392
0.000535 -0.025312
0.0005375 -0.010349
0.00054 -0.027692
0.0005425 -0.019206
0.000545 -0.054503
0.0005475 -0.076192
0.00055 -0.064761
0.0005525 -0.063636
0.000555 -0.062458
0.0005575 -0.072877
0.00056 -0.053069
0.0005625 -0.10275
0.000565 -0.1066
0.0005675 -0.15817
0.00057 -0.093792
0.0005725 -0.089875
0.000575 -0.1058
0.0005775 -0.10373
0.00058 -0.1114
0.0005825 -0.095296
0.000585 -0.085587
0.0005875 -0.085242
0.00059 -0.080269
0.0005925 -0.099942
0.000595 -0.14111
0.0005975 -0.040442
0.0006 -0.012717
0.0006025 -0.073959
0.000605 -0.055424
0.0006075 -0.081901
0.00061 -0.051386
0.0006125 -0.08551
0.000615 -0.094138
0.0006175 -0.13217
0.00062 -0.080826
0.0006225 -0.10715
0.000625 -0.081786
0.0006275 -0.10079
0.00063 -0.10667
0.0006325 -0.054368
0.000635 -0.044916
0.0006375 -0.084493
0.00064 -0.12814
0.0006425 -0.086713
0.000645 -0.10781
0.0006475 -0.12633
0.00065 -0.10499
0.0006525 -0.13041
0.000655 -0.10827
0.0006575 -0.11491
0.00066 -0.15727
0.0006625 -0.14701
0.000665 -0.14061
0.0006675 -0.13777
0.00067 -0.14091
0.0006725 -0.17323
0.000675 -0.18666
0.0006775 -0.14328
0.00068 -0.13128
0.0006825 -0.13841
0.000685 -0.10964
0.0006875 -0.14364
0.00069 -0.12131
0.0006925 -0.13599
0.000695 -0.11364
0.0006975 -0.11633
0.0007 -0.15513
0.0007025 -0.10905
0.000705 -0.095962
0.0007075 -0.13173
0.00071 -0.10898
0.0007125 -0.097299
0.000715 -0.1591
0.0007175 -0.13878
0.00072 -0.12628
0.0007225 -0.13298
0.000725 -0.13897
0.0007275 -0.14417
0.00073 -0.10171
0.0007325 -0.096435
0.000735 -0.071283
0.0007375 -0.079782
0.00074 -0.15559
0.0007425 -0.18566
0.000745 -0.18374
0.0007475 -0.21229
