    0 -0.00064
2.5e-06 -0.03783
5e-06 -0.059123
7.5e-06 -0.060896
1e-05 0.005651
1.25e-05 0.02791
1.5e-05 0.031891
1.75e-05 -0.036077
2e-05 -0.02384
2.25e-05 -0.013517
2.5e-05 0.00825
2.75e-05 -0.008691
3e-05 -0.018234
3.25e-05 -0.034771
3.5e-05 -0.021408
3.75e-05 -0.045574
4e-05 -0.083264
4.25e-05 -0.041357
4.5e-05 -0.010138
4.75e-05 -0.023584
5e-05 -0.006983
5.25e-05 -0.01561
5.5e-05 -0.035898
5.75e-05 -0.043623
6e-05 -0.045421
6.25e-05 -0.062675
6.5e-05 -0.058413
6.75e-05 -0.10285
7e-05 -0.078944
7.25e-05 -0.10347
7.5e-05 -0.10379
7.75e-05 -6.5485
8e-05 -11.794
8.25e-05 -11.744
8.5e-05 -11.751
8.75e-05 -11.723
9e-05 -11.707
9.25e-05 -11.681
9.5e-05 -11.639
9.75e-05 -11.683
0.0001 -11.665
0.0001025 -11.677
0.000105 -11.706
0.0001075 -11.7
0.00011 -11.696
0.0001125 -11.706
0.000115 -11.693
0.0001175 -11.698
0.00012 -11.737
0.0001225 -11.709
0.000125 -11.665
0.0001275 -11.658
0.00013 -11.623
0.0001325 -11.65
0.000135 -11.662
0.0001375 -11.67
0.00014 -11.674
0.0001425 -11.667
0.000145 -11.636
0.0001475 -10.553
0.00015 13.538
0.0001525 15.152
0.000155 11.863
0.0001575 11.957
0.00016    12
0.0001625 12.049
0.000165 12.067
0.0001675 12.086
0.00017 12.127
0.0001725 12.105
0.000175 12.069
0.0001775 12.083
0.00018 12.068
0.0001825 12.078
0.000185 12.123
0.0001875 12.116
0.00019  12.1
0.0001925 12.105
0.000195 12.099
0.0001975 12.101
0.0002 12.093
0.0002025 12.092
0.000205 12.078
0.0002075 12.093
0.00021 12.081
0.0002125 12.084
0.000215 12.101
0.0002175 12.075
0.00022 12.085
0.0002225 12.072
0.000225 12.054
0.0002275 12.08
0.00023 12.051
0.0002325 12.026
0.000235 12.015
0.0002375 12.01
0.00024 12.054
0.0002425 12.055
0.000245 12.066
0.0002475 12.058
0.00025 12.04
0.0002525 12.01
0.000255 12.054
0.0002575 12.005
0.00026 12.031
0.0002625 12.03
0.000265 12.025
0.0002675 12.035
0.00027 12.033
0.0002725 12.038
0.000275 11.995
0.0002775 11.942
0.00028 11.948
0.0002825 11.942
0.000285 11.974
0.0002875 11.98
0.00029 11.947
0.0002925 11.966
0.000295 11.961
0.0002975 10.866
0.0003 -13.048
0.0003025 -14.858
0.000305 -11.613
0.0003075 -11.728
0.00031 -11.731
0.0003125 -11.788
0.000315 -11.821
0.0003175 -11.8
0.00032 -11.831
0.0003225 -11.875
0.000325 -11.872
0.0003275 -11.905
0.00033 -11.911
0.0003325 -11.91
0.000335 -11.884
0.0003375 -11.927
0.00034 -11.901
0.0003425 -11.876
0.000345 -11.886
0.0003475 -11.873
0.00035 -11.848
0.0003525 -11.841
0.000355 -11.808
0.0003575 -11.818
0.00036 -11.836
0.0003625 -11.865
0.000365 -11.877
0.0003675 -11.845
0.00037 -11.858
0.0003725 -11.846
0.000375 -11.583
0.0003775 -3.7295
0.00038 -0.10303
0.0003825 -0.11927
0.000385 -0.14424
0.0003875 -0.11343
0.00039 -0.12353
0.0003925 -0.12862
0.000395 -0.14131
0.0003975 -0.095712
0.0004 -0.085068
0.0004025 -0.10769
0.000405 -0.14709
0.0004075 -0.16831
0.00041 -0.13601
0.0004125 -0.093043
0.000415 -0.10072
0.0004175 -0.12486
0.00042 -0.15223
0.0004225 -0.11218
0.000425 -0.095398
0.0004275 -0.099245
0.00043 -0.10023
0.0004325 -0.050714
0.000435 -0.11721
0.0004375 -0.092249
0.00044 -0.088326
0.0004425 -0.0616
0.000445 -0.049543
0.0004475 -0.03858
0.00045 -0.028692
0.0004525 -0.062099
0.000455 -0.056147
0.0004575 -0.014438
0.00046 -0.015565
0.0004625 -0.028051
0.000465 -0.046202
0.0004675 -0.033645
0.00047 -0.048678
0.0004725 -0.047244
0.000475 -0.050759
0.0004775 -0.042861
0.00048 -0.004147
0.0004825 -0.012032
0.000485 -0.015648
0.0004875 -0.053709
0.00049 -0.094989
0.0004925 -0.073241
0.000495 -0.038803
0.0004975 -0.034432
0.0005 -0.056909
0.0005025 -0.041965
0.000505 0.022541
0.0005075 -0.023354
0.00051 -0.050368
0.0005125 -0.007373
0.000515 0.043917
0.0005175 0.023603
0.00052 -0.021772
0.0005225 0.003853
0.000525 0.023315
0.0005275 0.011066
0.00053 0.002643
0.0005325 -0.057447
0.000535 -0.042816
0.0005375 -0.03296
0.00054 -0.028224
0.0005425 -0.018675
0.000545 -0.017357
0.0005475 0.006599
0.00055 -0.022797
0.0005525 -0.028851
0.000555 -0.055674
0.0005575 -0.037959
0.00056 -0.004749
0.0005625 0.003469
0.000565 0.005466
0.0005675 0.018138
0.00057 0.01392
0.0005725 -0.012448
0.000575 0.00679
0.0005775 -0.004998
0.00058 0.023558
0.0005825 0.040544
0.000585 -0.004089
0.0005875 0.034336
0.00059 -0.024154
0.0005925 -0.014771
0.000595 0.016531
0.0005975 0.013824
0.0006 0.008557
0.0006025 0.022733
0.000605 0.022835
0.0006075 -0.032954
0.00061 -0.052217
0.0006125 -0.036819
0.000615 -0.023226
0.0006175 -0.031776
0.00062 -0.055833
0.0006225 -0.04905
0.000625 -0.063341
0.0006275 -0.061498
0.00063 -0.065293
0.0006325 -0.067699
0.000635 -0.057638
0.0006375 -0.066118
0.00064 -0.069318
0.0006425 -0.052582
0.000645 -0.059884
0.0006475 -0.050061
0.00065 -0.032794
0.0006525 -0.024768
0.000655 -0.057639
0.0006575 -0.031834
0.00066 -0.01678
0.0006625 -0.019033
0.000665 -0.026886
0.0006675 0.028243
0.00067 0.044288
0.0006725 0.0136
0.000675 0.011328
0.0006775 0.051904
0.00068 -0.006106
0.0006825 -0.022649
0.000685 -0.043859
0.0006875 -0.036525
0.00069 0.004416
0.0006925 -0.029395
0.000695 -0.060244
0.0006975 -0.041958
0.0007 -0.085619
0.0007025 -0.091072
0.000705 -0.081561
0.0007075 -0.058649
0.00071 -0.065716
0.0007125 -0.068793
0.000715 -0.046771
0.0007175 -0.025632
0.00072 -0.038976
0.0007225 -0.025446
0.000725 -0.032633
0.0007275 -0.017146
0.00073 -0.033388
0.0007325 -0.049069
0.000735 -0.012903
0.0007375 0.000627
0.00074 0.010624
0.0007425 -0.022726
0.000745 -0.017664
0.0007475 -0.026688
