    0 -0.005026
2.5e-06 -0.006624
5e-06 -0.009815
7.5e-06 -0.011414
1e-05 -0.009815
1.25e-05 -0.009285
1.5e-05 -0.008751
1.75e-05 -0.007156
2e-05 -0.003962
2.25e-05 -0.000237
2.5e-05 0.001892
2.75e-05 0.001892
3e-05 0.003489
3.25e-05 0.002956
3.5e-05 0.001892
3.75e-05 -0.000771
4e-05 -0.001301
4.25e-05 -0.002897
4.5e-05 -0.004496
4.75e-05 -0.00609
5e-05 -0.00556
5.25e-05 -0.000771
5.5e-05 -0.002365
5.75e-05 -0.001301
6e-05 -0.001301
6.25e-05 0.001362
6.5e-05 0.001892
6.75e-05 0.000828
7e-05 0.000298
7.25e-05 -0.001301
7.5e-05 -0.000237
7.75e-05 0.05831
8e-05 0.39734
8.25e-05 0.65973
8.5e-05 0.89232
8.75e-05 1.1042
9e-05 1.3016
9.25e-05 1.4906
9.5e-05 1.6736
9.75e-05 1.8546
0.0001 2.0334
0.0001025 2.2085
0.000105 2.3815
0.0001075 2.5492
0.00011 2.7147
0.0001125 2.8807
0.000115 3.0473
0.0001175 3.2113
0.00012 3.3747
0.0001225 3.5343
0.000125 3.6945
0.0001275 3.851
0.00013 4.0112
0.0001325 4.1725
0.000135 4.3311
0.0001375 4.4886
0.00014 4.6398
0.0001425 4.7899
0.000145 4.9389
0.0001475 5.089
0.00015 5.2391
0.0001525 5.114
0.000155 4.6238
0.0001575 4.2603
0.00016 3.9511
0.0001625 3.6748
0.000165 3.4167
0.0001675 3.1751
0.00017 2.9446
0.0001725 2.7211
0.000175 2.5023
0.0001775 2.2857
0.00018 2.0744
0.0001825 1.8716
0.000185 1.6742
0.0001875 1.4788
0.00019 1.284
0.0001925 1.0908
0.000195 0.89711
0.0001975 0.7103
0.0002 0.52242
0.0002025 0.3356
0.000205 0.14932
0.0002075 -0.037495
0.00021 -0.22058
0.0002125 -0.40207
0.000215 -0.5825
0.0002175 -0.76293
0.00022 -0.93803
0.0002225 -1.1142
0.000225 -1.2866
0.0002275 -1.4554
0.00023 -1.623
0.0002325 -1.7912
0.000235 -1.9594
0.0002375 -2.1239
0.00024 -2.2894
0.0002425 -2.4528
0.000245 -2.6151
0.0002475 -2.7774
0.00025 -2.9392
0.0002525 -3.0978
0.000255 -3.2564
0.0002575 -3.4119
0.00026 -3.5673
0.0002625 -3.7253
0.000265 -3.8813
0.0002675 -4.0346
0.00027 -4.1857
0.0002725 -4.3363
0.000275 -4.4854
0.0002775 -4.6312
0.00028 -4.7765
0.0002825 -4.9223
0.000285 -5.0676
0.0002875 -5.2113
0.00029 -5.3556
0.0002925 -5.4982
0.000295 -5.6382
0.0002975 -5.776
0.0003 -5.9118
0.0003025 -5.7835
0.000305 -5.2954
0.0003075 -4.9346
0.00031 -4.6317
0.0003125 -4.3592
0.000315 -4.1059
0.0003175 -3.8637
0.00032 -3.6295
0.0003225 -3.4071
0.000325 -3.1899
0.0003275 -2.9802
0.00033 -2.7742
0.0003325 -2.5731
0.000335 -2.3724
0.0003375 -2.1744
0.00034 -1.9786
0.0003425 -1.7848
0.000345 -1.5937
0.0003475 -1.4021
0.00035 -1.2127
0.0003525 -1.0269
0.000355 -0.84223
0.0003575 -0.65489
0.00036 -0.46967
0.0003625 -0.28232
0.000365 -0.097635
0.0003675 0.080664
0.00037 0.25896
0.0003725 0.43886
0.000375 0.61769
0.0003775 0.68528
0.00038 0.54105
0.0003825 0.46121
0.000385 0.41012
0.0003875 0.36967
0.00039 0.33933
0.0003925 0.31857
0.000395 0.3042
0.0003975 0.29249
0.0004 0.28344
0.0004025 0.27706
0.000405 0.26801
0.0004075 0.26269
0.00041 0.25896
0.0004125 0.25683
0.000415 0.25417
0.0004175 0.25044
0.00042 0.24725
0.0004225 0.24778
0.000425 0.24725
0.0004275 0.24406
0.00043 0.24246
0.0004325 0.24087
0.000435 0.23554
0.0004375 0.23128
0.00044 0.23075
0.0004425 0.22916
0.000445 0.22969
0.0004475 0.22969
0.00045 0.23075
0.0004525 0.23288
0.000455 0.23448
0.0004575 0.23501
0.00046 0.23395
0.0004625 0.23075
0.000465 0.22969
0.0004675 0.22437
0.00047 0.21904
0.0004725 0.21958
0.000475 0.22383
0.0004775 0.22277
0.00048 0.22224
0.0004825 0.22224
0.000485 0.22064
0.0004875 0.21798
0.00049 0.21851
0.0004925 0.21904
0.000495 0.21958
0.0004975 0.21904
0.0005 0.21851
0.0005025 0.21958
0.000505 0.22171
0.0005075 0.22117
0.00051 0.22011
0.0005125 0.21692
0.000515 0.21425
0.0005175 0.21319
0.00052 0.21319
0.0005225 0.21106
0.000525 0.21053
0.0005275 0.20893
0.00053 0.20733
0.0005325 0.2068
0.000535 0.2068
0.0005375 0.20467
0.00054 0.20201
0.0005425 0.20095
0.000545 0.19882
0.0005475 0.19776
0.00055 0.19829
0.0005525 0.19722
0.000555 0.19297
0.0005575 0.18977
0.00056 0.18551
0.0005625 0.18392
0.000565 0.18125
0.0005675 0.18125
0.00057 0.18232
0.0005725 0.18125
0.000575 0.17753
0.0005775 0.17647
0.00058 0.17647
0.0005825 0.17593
0.000585 0.17487
0.0005875 0.17433
0.00059 0.17114
0.0005925 0.17008
0.000595 0.16901
0.0005975 0.16689
0.0006 0.16529
0.0006025 0.16263
0.000605 0.16156
0.0006075 0.15997
0.00061 0.1589
0.0006125 0.15784
0.000615 0.15677
0.0006175 0.15411
0.00062 0.15305
0.0006225 0.15305
0.000625 0.15517
0.0006275 0.15784
0.00063 0.15837
0.0006325 0.15784
0.000635 0.15624
0.0006375 0.15358
0.00064 0.15358
0.0006425 0.15358
0.000645 0.15198
0.0006475 0.14879
0.00065 0.14613
0.0006525 0.14879
0.000655 0.14985
0.0006575 0.15145
0.00066 0.15305
0.0006625 0.15198
0.000665 0.15251
0.0006675 0.15251
0.00067 0.15251
0.0006725 0.15038
0.000675 0.1456
0.0006775 0.14294
0.00068 0.14453
0.0006825 0.144
0.000685 0.14134
0.0006875 0.13814
0.00069 0.13336
0.0006925 0.12963
0.000695 0.13016
0.0006975 0.13016
0.0007 0.13016
0.0007025 0.13123
0.000705 0.13123
0.0007075 0.12697
0.00071 0.12377
0.0007125 0.12165
0.000715 0.11951
0.0007175 0.11845
0.00072 0.11845
0.0007225 0.11951
0.000725 0.11845
0.0007275 0.11526
0.00073 0.11526
0.0007325 0.11313
0.000735 0.10887
0.0007375 0.10408
0.00074 0.10249
0.0007425 0.10302
0.000745 0.10408
0.0007475 0.10568
