    0 0.004101
2.5e-06 0.003035
5e-06 0.002502
7.5e-06 0.00197
1e-05 0.002502
1.25e-05 0.002502
1.5e-05 0.000376
1.75e-05 0.000376
2e-05 0.004101
2.25e-05 0.002502
2.5e-05 0.006227
2.75e-05 0.006227
3e-05 0.006227
3.25e-05 0.005695
3.5e-05 0.004101
3.75e-05 -0.000158
4e-05 -0.001223
4.25e-05 -0.001223
4.5e-05 -0.00069
4.75e-05 0.000376
5e-05 0.000906
5.25e-05 -0.00069
5.5e-05 0.00144
5.75e-05 0.005165
6e-05 0.005695
6.25e-05 0.005165
6.5e-05 0.004631
6.75e-05 0.002502
7e-05 -0.00069
7.25e-05 -0.004946
7.5e-05 -0.006544
7.75e-05 -0.063482
8e-05 -0.41523
8.25e-05 -0.6845
8.5e-05 -0.9197
8.75e-05 -1.1315
9e-05 -1.3326
9.25e-05 -1.5226
9.5e-05 -1.7078
9.75e-05 -1.8893
0.0001 -2.0659
0.0001025 -2.2421
0.000105 -2.4129
0.0001075 -2.5789
0.00011 -2.7455
0.0001125 -2.9078
0.000115 -3.0674
0.0001175 -3.2276
0.00012 -3.3878
0.0001225 -3.5442
0.000125 -3.7034
0.0001275 -3.8577
0.00013 -4.0083
0.0001325 -4.1583
0.000135 -4.3079
0.0001375 -4.4563
0.00014 -4.6027
0.0001425 -4.7506
0.000145 -4.8948
0.0001475 -5.0385
0.00015 -5.1801
0.0001525 -5.046
0.000155 -4.541
0.0001575 -4.1669
0.00016 -3.8497
0.0001625 -3.5671
0.000165 -3.3053
0.0001675 -3.0605
0.00017 -2.829
0.0001725 -2.6066
0.000175 -2.3916
0.0001775 -2.1835
0.00018 -1.9781
0.0001825 -1.7738
0.000185 -1.5742
0.0001875 -1.3758
0.00019 -1.1799
0.0001925 -0.98729
0.000195 -0.79891
0.0001975 -0.61106
0.0002 -0.42162
0.0002025 -0.2327
0.000205 -0.048582
0.0002075 0.13394
0.00021 0.31594
0.0002125 0.4974
0.000215 0.6762
0.0002175 0.85234
0.00022 1.0253
0.0002225 1.1977
0.000225 1.3712
0.0002275 1.5441
0.00023 1.7149
0.0002325 1.8826
0.000235 2.0491
0.0002375 2.2194
0.00024 2.3876
0.0002425 2.5541
0.000245 2.7212
0.0002475 2.8851
0.00025 3.0464
0.0002525 3.2055
0.000255 3.3657
0.0002575 3.5253
0.00026 3.6844
0.0002625 3.8419
0.000265 3.9984
0.0002675 4.1511
0.00027 4.3038
0.0002725 4.4592
0.000275 4.6167
0.0002775  4.77
0.00028 4.9217
0.0002825 5.0707
0.000285 5.2191
0.0002875 5.3676
0.00029 5.5113
0.0002925 5.6549
0.000295 5.8039
0.0002975 5.9508
0.0003 6.0956
0.0003025 5.9535
0.000305 5.4336
0.0003075 5.0387
0.00031 4.7072
0.0003125 4.4087
0.000315 4.1362
0.0003175 3.8781
0.00032 3.6285
0.0003225 3.3912
0.000325 3.164
0.0003275 2.941
0.00033 2.7228
0.0003325 2.5089
0.000335 2.2976
0.0003375 2.0896
0.00034 1.8858
0.0003425 1.6814
0.000345 1.4808
0.0003475 1.2866
0.00035 1.0955
0.0003525 0.90343
0.000355 0.71132
0.0003575 0.52294
0.00036 0.33616
0.0003625 0.15204
0.000365 -0.029959
0.0003675 -0.20769
0.00037 -0.38543
0.0003725 -0.56157
0.000375 -0.73824
0.0003775 -0.78241
0.00038 -0.62756
0.0003825 -0.53496
0.000385 -0.47324
0.0003875 -0.4296
0.00039 -0.39554
0.0003925 -0.36894
0.000395 -0.34978
0.0003975 -0.33434
0.0004 -0.3221
0.0004025 -0.30933
0.000405 -0.30029
0.0004075 -0.28805
0.00041 -0.28113
0.0004125 -0.27687
0.000415 -0.27155
0.0004175 -0.26623
0.00042 -0.25718
0.0004225 -0.25186
0.000425 -0.2476
0.0004275 -0.24282
0.00043 -0.24122
0.0004325 -0.24335
0.000435 -0.24441
0.0004375 -0.24335
0.00044 -0.24015
0.0004425 -0.23803
0.000445 -0.23483
0.0004475 -0.23111
0.00045 -0.22632
0.0004525 -0.22525
0.000455 -0.22366
0.0004575 -0.22153
0.00046 -0.22206
0.0004625 -0.22047
0.000465 -0.2194
0.0004675 -0.2194
0.00047 -0.221
0.0004725 -0.22047
0.000475 -0.21781
0.0004775 -0.21781
0.00048 -0.21727
0.0004825 -0.21621
0.000485 -0.21568
0.0004875 -0.21568
0.00049 -0.21727
0.0004925 -0.21514
0.000495 -0.21514
0.0004975 -0.21514
0.0005 -0.21727
0.0005025 -0.21781
0.000505 -0.21568
0.0005075 -0.21195
0.00051 -0.21036
0.0005125 -0.21142
0.000515 -0.21142
0.0005175 -0.20982
0.00052 -0.21195
0.0005225 -0.21355
0.000525 -0.21142
0.0005275 -0.20823
0.00053 -0.20237
0.0005325 -0.20024
0.000535 -0.20078
0.0005375 -0.19865
0.00054 -0.19492
0.0005425 -0.19279
0.000545 -0.19333
0.0005475 -0.19279
0.00055 -0.19546
0.0005525 -0.19439
0.000555 -0.18854
0.0005575 -0.18588
0.00056 -0.18322
0.0005625 -0.18109
0.000565 -0.18055
0.0005675 -0.18002
0.00057 -0.18162
0.0005725 -0.18375
0.000575 -0.18268
0.0005775 -0.18055
0.00058 -0.17896
0.0005825 -0.17843
0.000585 -0.17949
0.0005875 -0.18215
0.00059 -0.18268
0.0005925 -0.18215
0.000595 -0.18109
0.0005975 -0.18215
0.0006 -0.18162
0.0006025 -0.17789
0.000605 -0.1747
0.0006075 -0.17364
0.00061 -0.17204
0.0006125 -0.16885
0.000615 -0.16938
0.0006175 -0.16832
0.00062 -0.16778
0.0006225 -0.16619
0.000625 -0.16406
0.0006275 -0.16672
0.00063 -0.16459
0.0006325 -0.16193
0.000635 -0.1598
0.0006375 -0.15554
0.00064 -0.15182
0.0006425 -0.15182
0.000645 -0.15235
0.0006475 -0.15342
0.00065 -0.15501
0.0006525 -0.15501
0.000655 -0.15501
0.0006575 -0.15288
0.00066 -0.14969
0.0006625 -0.15182
0.000665 -0.14916
0.0006675 -0.1433
0.00067 -0.14384
0.0006725 -0.14224
0.000675 -0.14118
0.0006775 -0.14064
0.00068 -0.14171
0.0006825 -0.14011
0.000685 -0.14011
0.0006875 -0.14171
0.00069 -0.14011
0.0006925 -0.14064
0.000695 -0.14011
0.0006975 -0.13745
0.0007 -0.13532
0.0007025 -0.13479
0.000705 -0.13532
0.0007075 -0.13586
0.00071 -0.13373
0.0007125 -0.13532
0.000715 -0.13586
0.0007175 -0.13532
0.00072 -0.13373
0.0007225 -0.13426
0.000725 -0.13106
0.0007275 -0.12947
0.00073 -0.12628
0.0007325 -0.12681
0.000735 -0.12681
0.0007375 -0.12521
0.00074 -0.12415
0.0007425 -0.12628
0.000745 -0.12468
0.0007475 -0.11883
