    0 0.022218
2.5e-06 0.023819
5e-06 0.025413
7.5e-06 0.024885
1e-05 0.023819
1.25e-05 0.019558
1.5e-05 0.021156
1.75e-05 0.023285
2e-05 0.027542
2.25e-05 0.027546
2.5e-05 0.022752
2.75e-05 0.020624
3e-05 0.020624
3.25e-05 0.018495
3.5e-05 0.02009
3.75e-05 0.01903
4e-05 0.022224
4.25e-05 0.027014
4.5e-05 0.028609
4.75e-05 0.022753
5e-05 0.014235
5.25e-05 0.015301
5.5e-05 0.014767
5.75e-05 0.016363
6e-05 0.014767
6.25e-05 0.011043
6.5e-05 0.010506
6.75e-05 0.006251
7e-05 0.005716
7.25e-05 0.007845
7.5e-05 0.005184
7.75e-05 0.016367
8e-05 0.012638
8.25e-05 0.015833
8.5e-05 0.018492
8.75e-05 0.015831
9e-05 0.013168
9.25e-05 0.006783
9.5e-05 0.002522
9.75e-05 -0.0044
0.0001 -0.013981
0.0001025 -0.02516
0.000105 -0.031018
0.0001075 -0.040068
0.00011 -0.051248
0.0001125 -0.05923
0.000115 -0.066684
0.0001175 -0.077865
0.00012 -0.092774
0.0001225 -0.10502
0.000125 -0.11354
0.0001275 -0.12844
0.00013 -0.14601
0.0001325 -0.16198
0.000135 -0.17156
0.0001375 -0.17849
0.00014 -0.18914
0.0001425 -0.20244
0.000145 -0.21309
0.0001475 -0.22534
0.00015 -0.23918
0.0001525 -0.24024
0.000155 -0.20511
0.0001575 -0.17742
0.00016 -0.15613
0.0001625 -0.13323
0.000165 -0.11034
0.0001675 -0.090644
0.00017 -0.075205
0.0001725 -0.05817
0.000175 -0.046991
0.0001775 -0.029417
0.00018 -0.012918
0.0001825 0.001457
0.000185 0.013706
0.0001875 0.015833
0.00019 0.016366
0.0001925 0.018495
0.000195 0.015297
0.0001975 0.017958
0.0002 0.02808
0.0002025 0.034464
0.000205 0.03766
0.0002075 0.035532
0.00021 0.031803
0.0002125 0.026482
0.000215 0.021691
0.0002175 0.016895
0.00022 0.009445
0.0002225 0.003588
0.000225 -0.005465
0.0002275 -0.013981
0.00023 -0.021434
0.0002325 -0.031551
0.000235 -0.044324
0.0002375 -0.050716
0.00024 -0.060295
0.0002425 -0.064027
0.000245 -0.075202
0.0002475 -0.083725
0.00025 -0.090641
0.0002525 -0.093306
0.000255 -0.10449
0.0002575 -0.11194
0.00026 -0.11779
0.0002625 -0.12791
0.000265 -0.13323
0.0002675 -0.14122
0.00027 -0.14761
0.0002725 -0.15613
0.000275 -0.16731
0.0002775 -0.18275
0.00028 -0.19499
0.0002825 -0.20297
0.000285 -0.21682
0.0002875 -0.2296
0.00029 -0.24397
0.0002925 -0.26101
0.000295 -0.27751
0.0002975 -0.29241
0.0003 -0.30306
0.0003025 -0.3052
0.000305 -0.2626
0.0003075 -0.21895
0.00031 -0.18328
0.0003125 -0.14814
0.000315 -0.11886
0.0003175 -0.090111
0.00032 -0.067751
0.0003225 -0.046454
0.000325 -0.02463
0.0003275 -0.002269
0.00033 0.013172
0.0003325 0.029676
0.000335 0.041918
0.0003375 0.045645
0.00034 0.051503
0.0003425 0.062149
0.000345 0.069599
0.0003475 0.071732
0.00035 0.074394
0.0003525 0.06907
0.000355 0.065878
0.0003575 0.064814
0.00036 0.062149
0.0003625 0.060553
0.000365 0.056294
0.0003675 0.054163
0.00037 0.05097
0.0003725 0.045114
0.000375 0.036592
0.0003775 -0.007059
0.00038 0.007845
0.0003825 0.009445
0.000385 0.012638
0.0003875 0.010508
0.00039 0.01104
0.0003925 0.016897
0.000395 0.015301
0.0003975 0.0153
0.0004 0.017964
0.0004025 0.020624
0.000405 0.019028
0.0004075 0.020092
0.00041 0.021686
0.0004125 0.020092
0.000415 0.01956
0.0004175 0.023819
0.00042 0.029142
0.0004225 0.031273
0.000425 0.027014
0.0004275 0.024353
0.00043 0.021687
0.0004325 0.020624
0.000435 0.020625
0.0004375 0.022753
0.00044 0.025417
0.0004425 0.028612
0.000445 0.033401
0.0004475 0.035529
0.00045 0.032868
0.0004525 0.029676
0.000455 0.025947
0.0004575 0.025414
0.00046 0.025945
0.0004625 0.025948
0.000465 0.031803
0.0004675 0.0334
0.00047 0.029142
0.0004725 0.02648
0.000475 0.027013
0.0004775 0.025413
0.00048 0.023819
0.0004825 0.027013
0.000485 0.028611
0.0004875 0.025947
0.00049 0.033403
0.0004925 0.035529
0.000495 0.033934
0.0004975 0.036599
0.0005 0.039257
0.0005025 0.03606
0.000505 0.031271
0.0005075 0.032872
0.00051 0.0334
0.0005125 0.030205
0.000515 0.033932
0.0005175 0.034998
0.00052 0.033404
0.0005225 0.028078
0.000525 0.025951
0.0005275 0.028077
0.00053 0.027544
0.0005325 0.022219
0.000535 0.018496
0.0005375 0.019026
0.00054 0.02009
0.0005425 0.023815
0.000545 0.023285
0.0005475 0.024351
0.00055 0.024349
0.0005525 0.024883
0.000555 0.024882
0.0005575 0.021687
0.00056 0.020092
0.0005625 0.022224
0.000565 0.024882
0.0005675 0.024881
0.00057 0.024885
0.0005725 0.019558
0.000575 0.017961
0.0005775 0.016363
0.00058 0.013172
0.0005825 0.011572
0.000585 0.008911
0.0005875 0.012639
0.00059 0.01051
0.0005925 0.006249
0.000595 0.005184
0.0005975 -0.000139
0.0006 -0.003332
0.0006025 0.000925
0.000605 0.007313
0.0006075 0.006251
0.00061 0.00199
0.0006125 -0.000669
0.000615 -0.000139
0.0006175 -0.003334
0.00062 -0.007059
0.0006225 -0.008659
0.000625 -0.006529
0.0006275 -0.00706
0.00063 -0.007059
0.0006325 -0.008659
0.000635 -0.01132
0.0006375 -0.011848
0.00064 -0.008659
0.0006425 -0.002268
0.000645 0.000925
0.0006475 0.003056
0.00065 0.000393
0.0006525 -0.003332
0.000655 -0.002798
0.0006575 -0.001202
0.00066 0.001457
0.0006625 0.001991
0.000665 0.003056
0.0006675 0.003054
0.00067 0.000395
0.0006725 -0.003334
0.000675 -0.001736
0.0006775 0.00412
0.00068 0.009973
0.0006825 0.012638
0.000685 0.01051
0.0006875 0.006782
0.00069 0.008913
0.0006925 0.007317
0.000695 0.006249
0.0006975 0.003054
0.0007 0.005188
0.0007025 0.007845
0.000705 0.008911
0.0007075 0.007844
0.00071 0.002521
0.0007125 0.003053
0.000715 0.010508
0.0007175 0.012106
0.00072 0.009445
0.0007225 0.008381
0.000725 0.009443
0.0007275 0.005716
0.00073 0.005186
0.0007325 0.000927
0.000735 0.003588
0.0007375 0.000927
0.00074 0.000925
0.0007425 0.001459
0.000745 -0.00014
0.0007475 -0.0028
