    0 -0.013378
2.5e-06 -0.010183
5e-06 -0.008589
7.5e-06 -0.008055
1e-05 -0.00646
1.25e-05 -0.001133
1.5e-05 0.00153
1.75e-05 -0.001665
2e-05 -0.004328
2.25e-05 -0.00486
2.5e-05 -0.005926
2.75e-05 -0.007523
3e-05 -0.008589
3.25e-05 -0.012316
3.5e-05 -0.014444
3.75e-05 -0.015507
4e-05 -0.014444
4.25e-05 -0.01125
4.5e-05 -0.00486
4.75e-05 -0.005394
5e-05 -0.00486
5.25e-05 -0.001665
5.5e-05 0.000996
5.75e-05 0.002058
6e-05 0.00153
6.25e-05 0.002592
6.5e-05 0.002592
6.75e-05 0.002058
7e-05 0.00153
7.25e-05 0.00153
7.5e-05 0.002592
7.75e-05 0.11918
8e-05 0.81234
8.25e-05 1.3442
8.5e-05 1.809
8.75e-05 2.2381
9e-05 2.6416
9.25e-05 3.0286
9.5e-05 3.4018
9.75e-05 3.7665
0.0001 4.1216
0.0001025 4.4703
0.000105 4.8164
0.0001075 5.1566
0.00011 5.4936
0.0001125 5.8284
0.000115 6.1585
0.0001175 6.4854
0.00012 6.8107
0.0001225 7.1338
0.000125 7.4565
0.0001275 7.7743
0.00013 8.0926
0.0001325 8.4089
0.000135 8.7209
0.0001375 9.0259
0.00014 9.331
0.0001425 9.6355
0.000145  9.94
0.0001475 10.241
0.00015 10.544
0.0001525 10.286
0.000155 9.2767
0.0001575 8.5287
0.00016 7.8898
0.0001625 7.3186
0.000165 6.7862
0.0001675 6.2884
0.00017 5.8162
0.0001725 5.3605
0.000175 4.9229
0.0001775 4.4916
0.00018 4.0694
0.0001825 3.6558
0.000185 3.2501
0.0001875 2.8519
0.00019 2.4585
0.0001925 2.0704
0.000195 1.686
0.0001975 1.3027
0.0002 0.92893
0.0002025 0.5568
0.000205 0.1852
0.0002075 -0.18214
0.00021 -0.5447
0.0002125 -0.90245
0.000215 -1.2576
0.0002175 -1.6089
0.00022 -1.9587
0.0002225 -2.3053
0.000225 -2.6492
0.0002275 -2.9894
0.00023 -3.329
0.0002325 -3.6644
0.000235 -3.9972
0.0002375 -4.3283
0.00024 -4.6547
0.0002425 -4.9805
0.000245 -5.3063
0.0002475 -5.6295
0.00025 -5.9462
0.0002525 -6.2635
0.000255 -6.5814
0.0002575 -6.8923
0.00026 -7.2021
0.0002625 -7.5114
0.000265 -7.8175
0.0002675 -8.1146
0.00027 -8.4106
0.0002725 -8.7098
0.000275 -9.0058
0.0002775 -9.3056
0.00028 -9.601
0.0002825 -9.8933
0.000285 -10.177
0.0002875 -10.463
0.00029 -10.746
0.0002925 -11.028
0.000295 -11.309
0.0002975 -11.591
0.0003 -11.865
0.0003025 -11.604
0.000305 -10.608
0.0003075 -9.8677
0.00031 -9.2417
0.0003125 -8.6795
0.000315 -8.1604
0.0003175 -7.6733
0.00032 -7.2069
0.0003225 -6.7608
0.000325 -6.3258
0.0003275 -5.9031
0.00033 -5.4878
0.0003325 -5.079
0.000335 -4.6712
0.0003375 -4.274
0.00034 -3.8827
0.0003425 -3.4962
0.000345 -3.1118
0.0003475 -2.7312
0.00035 -2.3479
0.0003525 -1.9704
0.000355 -1.5967
0.0003575 -1.2267
0.00036 -0.85188
0.0003625 -0.48081
0.000365 -0.114
0.0003675 0.24429
0.00037 0.60152
0.0003725 0.95662
0.000375 1.3101
0.0003775 1.4086
0.00038 1.1142
0.0003825 0.94757
0.000385 0.83151
0.0003875 0.75484
0.00039 0.69682
0.0003925 0.64837
0.000395 0.61483
0.0003975 0.58608
0.0004 0.56851
0.0004025 0.55148
0.000405 0.53817
0.0004075 0.52699
0.00041 0.51528
0.0004125 0.50623
0.000415 0.49717
0.0004175 0.48812
0.00042 0.47961
0.0004225 0.47109
0.000425 0.47215
0.0004275 0.46843
0.00043 0.46417
0.0004325 0.45937
0.000435 0.45405
0.0004375 0.44873
0.00044 0.445
0.0004425 0.44127
0.000445 0.43968
0.0004475 0.44287
0.00045 0.44021
0.0004525 0.43435
0.000455 0.4301
0.0004575 0.42637
0.00046 0.42477
0.0004625 0.42477
0.000465 0.42637
0.0004675 0.42637
0.00047 0.42371
0.0004725 0.41891
0.000475 0.41519
0.0004775 0.41359
0.00048 0.41306
0.0004825 0.41146
0.000485 0.41199
0.0004875 0.41093
0.00049 0.40933
0.0004925 0.4104
0.000495 0.4088
0.0004975 0.40294
0.0005 0.40347
0.0005025 0.40188
0.000505 0.39655
0.0005075 0.3923
0.00051 0.39017
0.0005125 0.38804
0.000515 0.38484
0.0005175 0.38431
0.00052 0.38644
0.0005225 0.38644
0.000525 0.38165
0.0005275 0.38058
0.00053 0.37792
0.0005325 0.37472
0.000535 0.37579
0.0005375 0.37845
0.00054 0.38058
0.0005425 0.38005
0.000545 0.37633
0.0005475 0.37206
0.00055 0.36301
0.0005525 0.35769
0.000555 0.35663
0.0005575 0.35716
0.00056 0.35503
0.0005625 0.3497
0.000565 0.34864
0.0005675 0.34544
0.00057 0.34385
0.0005725 0.34385
0.000575 0.34385
0.0005775 0.33959
0.00058 0.33693
0.0005825 0.33426
0.000585 0.33267
0.0005875 0.33107
0.00059 0.33001
0.0005925 0.32681
0.000595 0.32415
0.0005975 0.32042
0.0006 0.31989
0.0006025 0.31936
0.000605 0.31617
0.0006075 0.31297
0.00061 0.31137
0.0006125 0.3119
0.000615 0.31137
0.0006175 0.30978
0.00062 0.30871
0.0006225 0.30871
0.000625 0.30924
0.0006275 0.30818
0.00063 0.30871
0.0006325 0.30711
0.000635 0.30552
0.0006375 0.30179
0.00064 0.29859
0.0006425 0.29647
0.000645 0.297
0.0006475 0.2954
0.00065 0.2954
0.0006525 0.29167
0.000655 0.28635
0.0006575 0.27943
0.00066 0.27411
0.0006625 0.27091
0.000665 0.26878
0.0006675 0.26665
0.00067 0.26559
0.0006725 0.26133
0.000675 0.26026
0.0006775 0.2592
0.00068 0.25601
0.0006825 0.25068
0.000685 0.24908
0.0006875 0.24855
0.00069 0.24802
0.0006925 0.24855
0.000695 0.24855
0.0006975 0.24908
0.0007 0.24536
0.0007025 0.24004
0.000705 0.23844
0.0007075 0.23737
0.00071 0.23578
0.0007125 0.23471
0.000715 0.23418
0.0007175 0.23258
0.00072 0.22939
0.0007225 0.22406
0.000725 0.22459
0.0007275 0.22087
0.00073 0.21874
0.0007325 0.21501
0.000735 0.21341
0.0007375 0.21395
0.00074 0.21341
0.0007425 0.20969
0.000745 0.20862
0.0007475 0.20809
