    0 0.010576
2.5e-06 0.01111
5e-06 0.011642
7.5e-06 0.008982
1e-05 0.007385
1.25e-05 0.006319
1.5e-05 0.006319
1.75e-05 0.004721
2e-05 0.008448
2.25e-05 0.012709
2.5e-05 0.011642
2.75e-05 0.009514
3e-05 0.007385
3.25e-05 0.007385
3.5e-05 0.010576
3.75e-05 0.010048
4e-05 0.015371
4.25e-05 0.016966
4.5e-05 0.020161
4.75e-05 0.0175
5e-05 0.012177
5.25e-05 0.010048
5.5e-05 0.009514
5.75e-05 0.010576
6e-05 0.009514
6.25e-05 0.007385
6.5e-05 0.005253
6.75e-05 0.00153
7e-05 0.002058
7.25e-05 0.002058
7.5e-05 -0.000603
7.75e-05 0.11812
8e-05 0.80649
8.25e-05 1.3346
8.5e-05 1.7994
8.75e-05 2.2258
9e-05 2.6262
9.25e-05 3.0111
9.5e-05 3.3821
9.75e-05 3.7415
0.0001 4.0913
0.0001025 4.4341
0.000105 4.7738
0.0001075 5.1081
0.00011 5.4371
0.0001125 5.7656
0.000115 6.0914
0.0001175 6.4087
0.00012 6.7244
0.0001225 7.038
0.000125 7.351
0.0001275 7.6598
0.00013 7.9617
0.0001325 8.2619
0.000135 8.5617
0.0001375 8.8625
0.00014 9.1601
0.0001425 9.4529
0.000145 9.7478
0.0001475 10.04
0.00015 10.329
0.0001525 10.077
0.000155 9.0941
0.0001575 8.3679
0.00016 7.7493
0.0001625 7.1977
0.000165 6.6893
0.0001675 6.2091
0.00017 5.7507
0.0001725 5.312
0.000175 4.8829
0.0001775 4.4666
0.00018 4.0593
0.0001825 3.6579
0.000185 3.264
0.0001875 2.8695
0.00019 2.4808
0.0001925 2.0938
0.000195 1.7083
0.0001975 1.3335
0.0002 0.96088
0.0002025 0.59194
0.000205 0.22513
0.0002075 -0.14222
0.00021 -0.50636
0.0002125 -0.86625
0.000215 -1.2235
0.0002175 -1.5786
0.00022 -1.9347
0.0002225 -2.2888
0.000225 -2.6375
0.0002275 -2.9819
0.00023 -3.3259
0.0002325 -3.6687
0.000235 -4.0105
0.0002375 -4.3475
0.00024 -4.684
0.0002425 -5.0178
0.000245 -5.3505
0.0002475 -5.6795
0.00025 -6.0064
0.0002525 -6.3311
0.000255 -6.6586
0.0002575 -6.978
0.00026 -7.2931
0.0002625 -7.6099
0.000265 -7.9246
0.0002675 -8.2371
0.00027 -8.5464
0.0002725 -8.8562
0.000275 -9.1618
0.0002775 -9.4695
0.00028 -9.7735
0.0002825 -10.074
0.000285 -10.375
0.0002875 -10.672
0.00029 -10.968
0.0002925 -11.263
0.000295 -11.557
0.0002975 -11.85
0.0003 -12.141
0.0003025 -11.875
0.000305 -10.844
0.0003075 -10.074
0.00031 -9.42
0.0003125 -8.8323
0.000315 -8.2892
0.0003175 -7.7766
0.00032 -7.2894
0.0003225 -6.822
0.000325 -6.3663
0.0003275 -5.9207
0.00033 -5.4868
0.0003325 -5.0641
0.000335 -4.6483
0.0003375 -4.2426
0.00034 -3.8385
0.0003425 -3.4382
0.000345 -3.0448
0.0003475 -2.6582
0.00035 -2.276
0.0003525 -1.9023
0.000355 -1.5301
0.0003575 -1.1548
0.00036 -0.78586
0.0003625 -0.41852
0.000365 -0.056501
0.0003675 0.30339
0.00037 0.66168
0.0003725 1.0146
0.000375 1.3628
0.0003775 1.4603
0.00038 1.1616
0.0003825 0.99495
0.000385 0.88581
0.0003875 0.80542
0.00039 0.74739
0.0003925 0.70374
0.000395 0.66754
0.0003975 0.63932
0.0004 0.61696
0.0004025 0.59886
0.000405 0.58076
0.0004075 0.56745
0.00041 0.55839
0.0004125 0.54828
0.000415 0.5403
0.0004175 0.53338
0.00042 0.52699
0.0004225 0.52113
0.000425 0.51368
0.0004275 0.50835
0.00043 0.5025
0.0004325 0.49877
0.000435 0.49398
0.0004375 0.49132
0.00044 0.48972
0.0004425 0.48972
0.000445 0.48972
0.0004475 0.49025
0.00045 0.48759
0.0004525 0.48227
0.000455 0.47748
0.0004575 0.47641
0.00046 0.47481
0.0004625 0.47162
0.000465 0.47321
0.0004675 0.47162
0.00047 0.46896
0.0004725 0.46576
0.000475 0.4631
0.0004775 0.45937
0.00048 0.45565
0.0004825 0.45565
0.000485 0.45671
0.0004875 0.45565
0.00049 0.45831
0.0004925 0.45618
0.000495 0.45352
0.0004975 0.45299
0.0005 0.45139
0.0005025 0.44766
0.000505 0.44287
0.0005075 0.44181
0.00051 0.43755
0.0005125 0.43116
0.000515 0.43116
0.0005175 0.43116
0.00052 0.4301
0.0005225 0.42743
0.000525 0.42477
0.0005275 0.42584
0.00053 0.42264
0.0005325 0.41785
0.000535 0.41199
0.0005375 0.41146
0.00054 0.4088
0.0005425 0.40507
0.000545 0.40028
0.0005475 0.40028
0.00055 0.39655
0.0005525 0.39336
0.000555 0.39123
0.0005575 0.39123
0.00056 0.39123
0.0005625 0.39017
0.000565 0.39123
0.0005675 0.3891
0.00057 0.38697
0.0005725 0.38058
0.000575 0.37899
0.0005775 0.37792
0.00058 0.37366
0.0005825 0.3694
0.000585 0.36567
0.0005875 0.36408
0.00059 0.36088
0.0005925 0.35769
0.000595 0.35503
0.0005975 0.34917
0.0006 0.34704
0.0006025 0.35024
0.000605 0.35396
0.0006075 0.3497
0.00061 0.34544
0.0006125 0.34119
0.000615 0.33853
0.0006175 0.33533
0.00062 0.3332
0.0006225 0.3316
0.000625 0.3316
0.0006275 0.32947
0.00063 0.32628
0.0006325 0.32308
0.000635 0.31829
0.0006375 0.31617
0.00064 0.31457
0.0006425 0.3151
0.000645 0.31457
0.0006475 0.3151
0.00065 0.31084
0.0006525 0.30818
0.000655 0.30552
0.0006575 0.30126
0.00066 0.29753
0.0006625 0.29327
0.000665 0.28954
0.0006675 0.28795
0.00067 0.28688
0.0006725 0.28315
0.000675 0.28103
0.0006775 0.28263
0.00068 0.28315
0.0006825 0.28103
0.000685 0.27677
0.0006875 0.27517
0.00069 0.27411
0.0006925 0.27091
0.000695 0.26931
0.0006975 0.26612
0.0007 0.26772
0.0007025 0.26612
0.000705 0.26612
0.0007075 0.26026
0.00071 0.25547
0.0007125 0.25654
0.000715 0.25814
0.0007175 0.25601
0.00072 0.25068
0.0007225 0.24802
0.000725 0.24695
0.0007275 0.24482
0.00073 0.24482
0.0007325 0.24216
0.000735 0.24323
0.0007375 0.24057
0.00074 0.23844
0.0007425 0.23684
0.000745 0.23365
0.0007475 0.22992
