    0 -0.003349
2.5e-06 -0.00548
5e-06 -0.007074
7.5e-06 -0.002819
1e-05 0.003567
1.25e-05 0.005695
1.5e-05 0.005165
1.75e-05 0.003035
2e-05 0.000906
2.25e-05 0.002502
2.5e-05 0.000376
2.75e-05 -0.002819
3e-05 -0.002819
3.25e-05 -0.001223
3.5e-05 0.000906
3.75e-05 0.000376
4e-05 0.003035
4.25e-05 0.005695
4.5e-05 0.006758
4.75e-05 0.00942
5e-05 0.009953
5.25e-05 0.012615
5.5e-05 0.012615
5.75e-05 0.011017
6e-05 0.011551
6.25e-05 0.010483
6.5e-05 0.00942
6.75e-05 0.011551
7e-05 0.011017
7.25e-05 0.011017
7.5e-05 0.011017
7.75e-05 0.07115
8e-05 0.41864
8.25e-05 0.68737
8.5e-05 0.92099
8.75e-05 1.1344
9e-05 1.3361
9.25e-05 1.5314
9.5e-05 1.7176
9.75e-05 1.8991
0.0001 2.0757
0.0001025 2.2482
0.000105 2.419
0.0001075 2.5893
0.00011 2.7537
0.0001125 2.9149
0.000115 3.0778
0.0001175 3.2385
0.00012 3.3992
0.0001225 3.5583
0.000125 3.7131
0.0001275 3.8685
0.00013 4.0207
0.0001325 4.1719
0.000135 4.323
0.0001375 4.4704
0.00014 4.6215
0.0001425 4.7716
0.000145 4.9169
0.0001475 5.0616
0.00015 5.2021
0.0001525 5.0632
0.000155 4.5603
0.0001575 4.1873
0.00016 3.8707
0.0001625 3.5897
0.000165 3.3311
0.0001675 3.0868
0.00017 2.8548
0.0001725 2.6308
0.000175 2.4142
0.0001775 2.205
0.00018 1.997
0.0001825 1.7942
0.000185 1.5941
0.0001875 1.3962
0.00019 1.2014
0.0001925 1.012
0.000195 0.82201
0.0001975 0.6299
0.0002 0.44046
0.0002025 0.25314
0.000205 0.066362
0.0002075 -0.11776
0.00021 -0.29975
0.0002125 -0.47962
0.000215 -0.65789
0.0002175 -0.83616
0.00022 -1.0134
0.0002225 -1.19
0.000225 -1.3635
0.0002275 -1.5343
0.00023 -1.7046
0.0002325 -1.8722
0.000235 -2.0372
0.0002375 -2.2043
0.00024 -2.3719
0.0002425 -2.5401
0.000245 -2.7056
0.0002475 -2.8695
0.00025 -3.0323
0.0002525 -3.1957
0.000255 -3.3596
0.0002575 -3.5224
0.00026 -3.6831
0.0002625 -3.8406
0.000265 -3.9976
0.0002675 -4.1536
0.00027 -4.3095
0.0002725 -4.4633
0.000275 -4.6186
0.0002775 -4.7735
0.00028 -4.9209
0.0002825 -5.0678
0.000285 -5.2146
0.0002875 -5.3621
0.00029 -5.5084
0.0002925 -5.6585
0.000295 -5.808
0.0002975 -5.9522
0.0003 -6.0964
0.0003025 -5.9575
0.000305 -5.4323
0.0003075 -5.0385
0.00031 -4.7043
0.0003125 -4.4015
0.000315 -4.1216
0.0003175 -3.8619
0.00032 -3.615
0.0003225 -3.374
0.000325 -3.1425
0.0003275 -2.9184
0.00033 -2.6997
0.0003325 -2.4863
0.000335 -2.2767
0.0003375 -2.0723
0.00034 -1.8706
0.0003425 -1.6706
0.000345 -1.4769
0.0003475 -1.281
0.00035 -1.0884
0.0003525 -0.90002
0.000355 -0.71589
0.0003575 -0.52858
0.00036 -0.34286
0.0003625 -0.16193
0.000365 0.019001
0.0003675 0.20206
0.00037 0.38458
0.0003725 0.56445
0.000375 0.74165
0.0003775 0.80125
0.00038 0.64214
0.0003825 0.55274
0.000385 0.49367
0.0003875 0.44951
0.00039 0.41758
0.0003925 0.39204
0.000395 0.37554
0.0003975 0.35638
0.0004 0.34095
0.0004025 0.32924
0.000405 0.317
0.0004075 0.30529
0.00041 0.29571
0.0004125 0.28454
0.000415 0.27922
0.0004175 0.27603
0.00042 0.26858
0.0004225 0.26059
0.000425 0.25527
0.0004275 0.25155
0.00043 0.25048
0.0004325 0.24995
0.000435 0.24889
0.0004375 0.24676
0.00044 0.24357
0.0004425 0.23984
0.000445 0.23824
0.0004475 0.23931
0.00045 0.23771
0.0004525 0.23292
0.000455 0.23399
0.0004575 0.23292
0.00046 0.22973
0.0004625 0.22866
0.000465 0.22494
0.0004675 0.226
0.00047 0.2276
0.0004725 0.23239
0.000475 0.23239
0.0004775 0.23079
0.00048 0.226
0.0004825 0.2244
0.000485 0.2244
0.0004875 0.22494
0.00049 0.226
0.0004925 0.22866
0.000495 0.226
0.0004975 0.22121
0.0005 0.21962
0.0005025 0.21802
0.000505 0.21802
0.0005075 0.21589
0.00051 0.21536
0.0005125 0.21376
0.000515 0.21483
0.0005175 0.2143
0.00052 0.2143
0.0005225 0.21376
0.000525 0.2127
0.0005275 0.21057
0.00053 0.2095
0.0005325 0.20844
0.000535 0.20578
0.0005375 0.20419
0.00054 0.20419
0.0005425 0.20685
0.000545 0.20791
0.0005475 0.20578
0.00055 0.20365
0.0005525 0.20578
0.000555 0.20631
0.0005575 0.20472
0.00056 0.20046
0.0005625 0.1978
0.000565 0.19567
0.0005675 0.19354
0.00057 0.19354
0.0005725 0.19248
0.000575 0.19407
0.0005775 0.19727
0.00058 0.19833
0.0005825 0.19567
0.000585 0.19461
0.0005875 0.19514
0.00059 0.19301
0.0005925 0.18875
0.000595 0.18503
0.0005975 0.18609
0.0006 0.18769
0.0006025 0.18982
0.000605 0.19141
0.0006075 0.19195
0.00061 0.18929
0.0006125 0.18663
0.000615 0.1829
0.0006175 0.17971
0.00062 0.17705
0.0006225 0.17332
0.000625 0.17013
0.0006275 0.16587
0.00063 0.1664
0.0006325 0.16481
0.000635 0.16374
0.0006375 0.16374
0.00064 0.16428
0.0006425 0.16321
0.000645 0.16108
0.0006475 0.15842
0.00065 0.15949
0.0006525 0.16002
0.000655 0.15895
0.0006575 0.15949
0.00066 0.16002
0.0006625 0.15736
0.000665 0.1547
0.0006675 0.1547
0.00067 0.15416
0.0006725 0.1515
0.000675 0.14831
0.0006775 0.14618
0.00068 0.14512
0.0006825 0.14193
0.000685 0.14086
0.0006875 0.14459
0.00069 0.14459
0.0006925 0.14246
0.000695 0.14299
0.0006975 0.14193
0.0007 0.13926
0.0007025 0.13767
0.000705 0.13767
0.0007075 0.1366
0.00071 0.13341
0.0007125 0.13022
0.000715 0.12543
0.0007175 0.12383
0.00072 0.12596
0.0007225 0.1249
0.000725 0.1217
0.0007275 0.11958
0.00073 0.11532
0.0007325 0.11106
0.000735 0.1084
0.0007375 0.10999
0.00074 0.11159
0.0007425 0.11053
0.000745 0.10893
0.0007475 0.1068
