    0 -0.001736
2.5e-06 0.003056
5e-06 0.00412
7.5e-06 0.007316
1e-05 0.01104
1.25e-05 0.015833
1.5e-05 0.013707
1.75e-05 0.007849
2e-05 0.006782
2.25e-05 0.00625
2.5e-05 0.005184
2.75e-05 -0.000138
3e-05 -0.003336
3.25e-05 -0.007595
3.5e-05 -0.012386
3.75e-05 -0.013977
4e-05 -0.01132
4.25e-05 -0.008658
4.5e-05 -0.002268
4.75e-05 -0.000673
5e-05 0.001459
5.25e-05 0.007849
5.5e-05 0.014235
5.75e-05 0.015297
6e-05 0.012106
6.25e-05 0.010507
6.5e-05 0.005716
6.75e-05 0.00465
7e-05 0.004122
7.25e-05 0.002526
7.5e-05 0.005184
7.75e-05 0.012106
8e-05 0.008912
8.25e-05 0.011574
8.5e-05 0.016363
8.75e-05 0.021156
9e-05 0.023818
9.25e-05 0.02701
9.5e-05 0.030737
9.75e-05 0.035
0.0001 0.03713
0.0001025 0.039259
0.000105 0.045115
0.0001075 0.051503
0.00011 0.055226
0.0001125 0.061083
0.000115 0.068004
0.0001175 0.073328
0.00012 0.082913
0.0001225 0.094625
0.000125 0.10208
0.0001275 0.10421
0.00013 0.11539
0.0001325 0.12817
0.000135 0.13721
0.0001375 0.14307
0.00014 0.14893
0.0001425 0.15798
0.000145 0.17022
0.0001475 0.18087
0.00015 0.19471
0.0001525 0.18513
0.000155 0.16437
0.0001575 0.14892
0.00016 0.12763
0.0001625 0.10634
0.000165 0.081318
0.0001675 0.062681
0.00017 0.047777
0.0001725 0.030205
0.000175 0.022752
0.0001775 0.010508
0.00018 -0.00067
0.0001825 -0.010788
0.000185 -0.018241
0.0001875 -0.02303
0.00019 -0.026226
0.0001925 -0.026758
0.000195 -0.028356
0.0001975 -0.041136
0.0002 -0.037407
0.0002025 -0.039535
0.000205 -0.046987
0.0002075 -0.051248
0.00021 -0.050716
0.0002125 -0.048586
0.000215 -0.045925
0.0002175 -0.039003
0.00022 -0.03368
0.0002225 -0.03155
0.000225 -0.025694
0.0002275 -0.020371
0.00023 -0.017173
0.0002325 -0.010786
0.000235 -0.004931
0.0002375 -0.001735
0.00024 0.004117
0.0002425 0.014234
0.000245 0.016367
0.0002475 0.022753
0.00025 0.034998
0.0002525 0.040321
0.000255 0.048307
0.0002575 0.060553
0.00026 0.068009
0.0002625 0.074394
0.000265 0.079717
0.0002675 0.092497
0.00027 0.10687
0.0002725 0.11752
0.000275 0.12816
0.0002775 0.13295
0.00028 0.14041
0.0002825 0.14893
0.000285 0.16596
0.0002875 0.17501
0.00029 0.18939
0.0002925 0.20429
0.000295 0.21973
0.0002975 0.23091
0.0003 0.24582
0.0003025 0.23411
0.000305 0.20856
0.0003075 0.18779
0.00031 0.16597
0.0003125 0.14147
0.000315 0.12071
0.0003175 0.099419
0.00032 0.08025
0.0003225 0.05842
0.000325 0.041918
0.0003275 0.020092
0.00033 0.005186
0.0003325 -0.007059
0.000335 -0.013449
0.0003375 -0.027822
0.00034 -0.038469
0.0003425 -0.051781
0.000345 -0.06296
0.0003475 -0.068817
0.00035 -0.068817
0.0003525 -0.075203
0.000355 -0.07893
0.0003575 -0.085321
0.00036 -0.08106
0.0003625 -0.079996
0.000365 -0.079998
0.0003675 -0.079464
0.00037 -0.079463
0.0003725 -0.079998
0.000375 -0.078399
0.0003775 -0.11567
0.00038 -0.099692
0.0003825 -0.0965
0.000385 -0.098095
0.0003875 -0.095436
0.00039 -0.094902
0.0003925 -0.095434
0.000395 -0.092771
0.0003975 -0.09224
0.0004 -0.087982
0.0004025 -0.08745
0.000405 -0.083723
0.0004075 -0.077866
0.00041 -0.074671
0.0004125 -0.072008
0.000415 -0.075737
0.0004175 -0.076269
0.00042 -0.073074
0.0004225 -0.073608
0.000425 -0.067751
0.0004275 -0.067751
0.00043 -0.068283
0.0004325 -0.066689
0.000435 -0.068285
0.0004375 -0.07201
0.00044 -0.072544
0.0004425 -0.068281
0.000445 -0.060833
0.0004475 -0.054443
0.00045 -0.057106
0.0004525 -0.061895
0.000455 -0.060295
0.0004575 -0.064024
0.00046 -0.064556
0.0004625 -0.061362
0.000465 -0.05604
0.0004675 -0.053377
0.00047 -0.055506
0.0004725 -0.058168
0.000475 -0.061361
0.0004775 -0.060299
0.00048 -0.055506
0.0004825 -0.053909
0.000485 -0.050182
0.0004875 -0.051248
0.00049 -0.05391
0.0004925 -0.049118
0.000495 -0.052845
0.0004975 -0.059765
0.0005 -0.057104
0.0005025 -0.05657
0.000505 -0.05817
0.0005075 -0.054441
0.00051 -0.04752
0.0005125 -0.046457
0.000515 -0.046987
0.0005175 -0.039535
0.00052 -0.03368
0.0005225 -0.034747
0.000525 -0.036341
0.0005275 -0.033678
0.00053 -0.03368
0.0005325 -0.034212
0.000535 -0.032081
0.0005375 -0.027289
0.00054 -0.024627
0.0005425 -0.017177
0.000545 -0.013977
0.0005475 -0.015577
0.00055 -0.02463
0.0005525 -0.032083
0.000555 -0.029953
0.0005575 -0.028356
0.00056 -0.029951
0.0005625 -0.033146
0.000565 -0.031017
0.0005675 -0.031017
0.00057 -0.032612
0.0005725 -0.033678
0.000575 -0.03208
0.0005775 -0.036339
0.00058 -0.03794
0.0005825 -0.040067
0.000585 -0.040598
0.0005875 -0.042194
0.00059 -0.044324
0.0005925 -0.044859
0.000595 -0.042198
0.0005975 -0.043263
0.0006 -0.048054
0.0006025 -0.051244
0.000605 -0.052311
0.0006075 -0.050715
0.00061 -0.052315
0.0006125 -0.048586
0.000615 -0.044861
0.0006175 -0.04752
0.00062 -0.050715
0.0006225 -0.054443
0.000625 -0.053911
0.0006275 -0.053377
0.00063 -0.044859
0.0006325 -0.041664
0.000635 -0.042727
0.0006375 -0.043261
0.00064 -0.043261
0.0006425 -0.042728
0.000645 -0.042194
0.0006475 -0.043264
0.00065 -0.043794
0.0006525 -0.042198
0.000655 -0.043797
0.0006575 -0.048584
0.00066 -0.049118
0.0006625 -0.050182
0.000665 -0.054975
0.0006675 -0.052315
0.00067 -0.05071
0.0006725 -0.053909
0.000675 -0.051781
0.0006775 -0.050182
0.00068 -0.051777
0.0006825 -0.053377
0.000685 -0.048053
0.0006875 -0.046454
0.00069 -0.046456
0.0006925 -0.046988
0.000695 -0.044325
0.0006975 -0.041135
0.0007 -0.042197
0.0007025 -0.044859
0.000705 -0.040069
0.0007075 -0.039004
0.00071 -0.037937
0.0007125 -0.039003
0.000715 -0.038469
0.0007175 -0.039536
0.00072 -0.042731
0.0007225 -0.048586
0.000725 -0.048054
0.0007275 -0.054976
0.00073 -0.05178
0.0007325 -0.04912
0.000735 -0.046988
0.0007375 -0.044861
0.00074 -0.046456
0.0007425 -0.044859
0.000745 -0.042198
0.0007475 -0.040598
