    0 0.003035
2.5e-06 0.00144
5e-06 -0.001223
7.5e-06 -0.000158
1e-05 0.002502
1.25e-05 0.003035
1.5e-05 0.004101
1.75e-05 0.006227
2e-05 0.005695
2.25e-05 0.005165
2.5e-05 0.006758
2.75e-05 0.005695
3e-05 0.00889
3.25e-05 0.011551
3.5e-05 0.014208
3.75e-05 0.014208
4e-05 0.012081
4.25e-05 0.009953
4.5e-05 0.010483
4.75e-05 0.00942
5e-05 0.00889
5.25e-05 0.009953
5.5e-05 0.005695
5.75e-05 0.004101
6e-05 0.004631
6.25e-05 0.005165
6.5e-05 0.003567
6.75e-05 0.004631
7e-05 0.004631
7.25e-05 0.006227
7.5e-05 0.004101
7.75e-05 0.0637
8e-05 0.41172
8.25e-05 0.68205
8.5e-05 0.91832
8.75e-05 1.1376
9e-05 1.3403
9.25e-05 1.533
9.5e-05 1.7181
9.75e-05 1.8985
0.0001 2.0731
0.0001025 2.2498
0.000105 2.4259
0.0001075 2.6004
0.00011 2.7723
0.0001125 2.9415
0.000115 3.1097
0.0001175 3.2757
0.00012 3.4407
0.0001225 3.6014
0.000125  3.76
0.0001275 3.918
0.00013 4.0734
0.0001325 4.2283
0.000135 4.3805
0.0001375 4.5342
0.00014 4.6923
0.0001425 4.8477
0.000145 4.9951
0.0001475 5.1436
0.00015 5.2947
0.0001525 5.1622
0.000155 4.6481
0.0001575 4.2645
0.00016 3.9393
0.0001625 3.6477
0.000165 3.3795
0.0001675 3.1278
0.00017 2.8857
0.0001725 2.6558
0.000175 2.4333
0.0001775 2.2152
0.00018 2.0023
0.0001825 1.7937
0.000185 1.5931
0.0001875 1.3946
0.00019 1.1977
0.0001925 1.0008
0.000195 0.80817
0.0001975 0.62032
0.0002 0.43407
0.0002025 0.24835
0.000205 0.0637
0.0002075 -0.11989
0.00021 -0.30242
0.0002125 -0.48069
0.000215 -0.65895
0.0002175 -0.83297
0.00022 -1.0075
0.0002225 -1.1821
0.000225 -1.355
0.0002275 -1.5263
0.00023 -1.6972
0.0002325 -1.868
0.000235 -2.0335
0.0002375 -2.1984
0.00024 -2.3645
0.0002425 -2.5278
0.000245 -2.6886
0.0002475 -2.8477
0.00025 -3.0078
0.0002525 -3.1643
0.000255 -3.3202
0.0002575 -3.4735
0.00026 -3.6241
0.0002625 -3.7747
0.000265 -3.9269
0.0002675 -4.078
0.00027 -4.2259
0.0002725 -4.3744
0.000275 -4.5213
0.0002775 -4.666
0.00028 -4.8129
0.0002825 -4.9598
0.000285 -5.1008
0.0002875 -5.2444
0.00029 -5.3876
0.0002925 -5.5265
0.000295 -5.6648
0.0002975 -5.8064
0.0003 -5.9469
0.0003025 -5.808
0.000305 -5.2998
0.0003075 -4.9214
0.00031 -4.6032
0.0003125 -4.3212
0.000315 -4.0594
0.0003175 -3.8114
0.00032 -3.5735
0.0003225 -3.3458
0.000325 -3.126
0.0003275 -2.9131
0.00033 -2.7013
0.0003325 -2.4949
0.000335 -2.2889
0.0003375 -2.0867
0.00034 -1.8925
0.0003425 -1.6982
0.000345 -1.5029
0.0003475 -1.3066
0.00035 -1.1145
0.0003525 -0.92875
0.000355 -0.74303
0.0003575 -0.55465
0.00036 -0.37
0.0003625 -0.18854
0.000365 -0.007608
0.0003675 0.17226
0.00037 0.35212
0.0003725 0.53252
0.000375 0.70866
0.0003775 0.76932
0.00038 0.61021
0.0003825 0.51868
0.000385 0.45749
0.0003875 0.41332
0.00039 0.37926
0.0003925 0.35851
0.000395 0.34148
0.0003975 0.32285
0.0004 0.30795
0.0004025 0.29625
0.000405 0.28614
0.0004075 0.27815
0.00041 0.27283
0.0004125 0.26592
0.000415 0.26166
0.0004175 0.25847
0.00042 0.25527
0.0004225 0.25314
0.000425 0.24942
0.0004275 0.24303
0.00043 0.24357
0.0004325 0.24144
0.000435 0.23665
0.0004375 0.23665
0.00044 0.23718
0.0004425 0.23399
0.000445 0.23133
0.0004475 0.22707
0.00045 0.22547
0.0004525 0.22228
0.000455 0.22175
0.0004575 0.22121
0.00046 0.22068
0.0004625 0.21643
0.000465 0.21323
0.0004675 0.21376
0.00047 0.20897
0.0004725 0.20312
0.000475 0.20153
0.0004775 0.20099
0.00048 0.20046
0.0004825 0.1978
0.000485 0.1978
0.0004875 0.19727
0.00049 0.19886
0.0004925 0.1994
0.000495 0.19833
0.0004975 0.19461
0.0005 0.19301
0.0005025 0.19407
0.000505 0.19727
0.0005075 0.19354
0.00051 0.19035
0.0005125 0.19035
0.000515 0.19248
0.0005175 0.18769
0.00052 0.18503
0.0005225 0.18237
0.000525 0.1813
0.0005275 0.17918
0.00053 0.17758
0.0005325 0.17758
0.000535 0.17811
0.0005375 0.17705
0.00054 0.17918
0.0005425 0.17971
0.000545 0.1813
0.0005475 0.17971
0.00055 0.17705
0.0005525 0.17598
0.000555 0.17651
0.0005575 0.17864
0.00056 0.17864
0.0005625 0.17971
0.000565 0.18024
0.0005675 0.18024
0.00057 0.1813
0.0005725 0.17651
0.000575 0.17492
0.0005775 0.17492
0.00058 0.17758
0.0005825 0.17492
0.000585 0.17279
0.0005875 0.17173
0.00059 0.17013
0.0005925 0.17013
0.000595 0.17226
0.0005975 0.17226
0.0006 0.17279
0.0006025 0.17226
0.000605 0.17173
0.0006075 0.17066
0.00061 0.17279
0.0006125 0.17545
0.000615 0.17545
0.0006175 0.17439
0.00062 0.17332
0.0006225 0.17013
0.000625 0.1696
0.0006275 0.16853
0.00063 0.16694
0.0006325 0.16428
0.000635 0.16215
0.0006375 0.15789
0.00064 0.1547
0.0006425 0.15097
0.000645 0.14938
0.0006475 0.15097
0.00065 0.14938
0.0006525 0.14405
0.000655 0.14139
0.0006575 0.14246
0.00066 0.14565
0.0006625 0.14246
0.000665 0.13873
0.0006675 0.1366
0.00067 0.13607
0.0006725 0.13234
0.000675 0.13128
0.0006775 0.13341
0.00068 0.13128
0.0006825 0.13341
0.000685 0.1366
0.0006875 0.13607
0.00069 0.13554
0.0006925 0.13607
0.000695 0.13501
0.0006975 0.13075
0.0007 0.12862
0.0007025 0.12703
0.000705 0.12703
0.0007075 0.12596
0.00071 0.1249
0.0007125 0.12437
0.000715 0.12064
0.0007175 0.11638
0.00072 0.12011
0.0007225 0.12224
0.000725 0.12277
0.0007275 0.12224
0.00073 0.1233
0.0007325 0.12277
0.000735 0.1233
0.0007375 0.12117
0.00074 0.12064
0.0007425 0.12064
0.000745 0.12011
0.0007475 0.11851
