    0 0.007511
2.5e-06 0.004849
5e-06 6.1e-05
7.5e-06 -0.004731
1e-05 -0.000473
1.25e-05 0.001125
1.5e-05 0.002722
1.75e-05 0.005911
2e-05 0.008575
2.25e-05 0.010173
2.5e-05 0.011768
2.75e-05 0.01017
3e-05 0.010172
3.25e-05 0.012298
3.5e-05 0.014429
3.75e-05 0.012296
4e-05 0.010704
4.25e-05 0.01017
4.5e-05 0.006977
4.75e-05 0.003786
5e-05 0.000591
5.25e-05 -0.001008
5.5e-05 -0.003136
5.75e-05 -0.002072
6e-05 -0.003134
6.25e-05 -0.002069
6.5e-05 -0.006859
6.75e-05 -0.010053
7e-05 -0.008453
7.25e-05 -0.008988
7.5e-05 -0.005263
7.75e-05 -0.001003
8e-05 -0.002605
8.25e-05 -0.001007
8.5e-05 0.001656
8.75e-05 6.1e-05
9e-05 -0.002602
9.25e-05 -0.003664
9.5e-05 -0.004732
9.75e-05 -0.005262
0.0001 -0.000475
0.0001025 0.006443
0.000105 0.012835
0.0001075 0.014964
0.00011 0.013899
0.0001125 0.010704
0.000115 0.013365
0.0001175 0.016558
0.00012 0.022943
0.0001225 0.027732
0.000125 0.03359
0.0001275 0.03359
0.00013 0.036785
0.0001325 0.0453
0.000135 0.05275
0.0001375 0.059667
0.00014 0.063927
0.0001425 0.068186
0.000145 0.072977
0.0001475 0.078832
0.00015 0.083088
0.0001525 0.079361
0.000155 0.07404
0.0001575 0.070315
0.00016 0.060732
0.0001625 0.056477
0.000165 0.047962
0.0001675 0.043171
0.00017 0.035188
0.0001725 0.027737
0.000175 0.022409
0.0001775 0.014961
0.00018 0.009639
0.0001825 0.008576
0.000185 0.010173
0.0001875 0.008576
0.00019 0.003254
0.0001925 0.002188
0.000195 -0.005796
0.0001975 -0.007393
0.0002 -0.005793
0.0002025 -0.007393
0.000205 -0.010051
0.0002075 -0.014315
0.00021 -0.015907
0.0002125 -0.018036
0.000215 -0.015379
0.0002175 -0.015375
0.00022 -0.013777
0.0002225 -0.013776
0.000225 -0.010584
0.0002275 -0.008987
0.00023 -0.006861
0.0002325 -0.008457
0.000235 -0.004198
0.0002375 0.001655
0.00024 0.003252
0.0002425 0.005915
0.000245 0.009107
0.0002475 0.014963
0.00025 0.019222
0.0002525 0.027203
0.000255 0.029863
0.0002575 0.034656
0.00026 0.039442
0.0002625 0.039978
0.000265 0.04104
0.0002675 0.046897
0.00027 0.05275
0.0002725 0.057009
0.000275 0.059138
0.0002775 0.066057
0.00028 0.07457
0.0002825 0.082022
0.000285 0.084687
0.0002875 0.089475
0.00029 0.095862
0.0002925 0.10437
0.000295 0.11449
0.0002975 0.12354
0.0003 0.13365
0.0003025 0.13099
0.000305 0.12088
0.0003075 0.1097
0.00031 0.094799
0.0003125 0.082554
0.000315 0.071379
0.0003175 0.06446
0.00032 0.062331
0.0003225 0.052218
0.000325 0.046364
0.0003275 0.040506
0.00033 0.030398
0.0003325 0.020815
0.000335 0.01656
0.0003375 0.012302
0.00034 0.010704
0.0003425 0.009105
0.000345 0.003254
0.0003475 5.7e-05
0.00035 -0.002602
0.0003525 -0.009522
0.000355 -0.015908
0.0003575 -0.01857
0.00036 -0.020696
0.0003625 -0.020164
0.000365 -0.02123
0.0003675 -0.023891
0.00037 -0.027616
0.0003725 -0.029213
0.000375 -0.027619
0.0003775 -0.012716
0.00038 -0.014311
0.0003825 -0.015375
0.000385 -0.015377
0.0003875 -0.020168
0.00039 -0.026554
0.0003925 -0.030279
0.000395 -0.034
0.0003975 -0.032938
0.0004 -0.034537
0.0004025 -0.034534
0.000405 -0.039858
0.0004075 -0.040388
0.00041 -0.040392
0.0004125 -0.037731
0.000415 -0.036665
0.0004175 -0.03933
0.00042 -0.042521
0.0004225 -0.041456
0.000425 -0.039858
0.0004275 -0.038793
0.00043 -0.041991
0.0004325 -0.04252
0.000435 -0.044647
0.0004375 -0.048376
0.00044 -0.046244
0.0004425 -0.045712
0.000445 -0.043582
0.0004475 -0.039857
0.00045 -0.037195
0.0004525 -0.034006
0.000455 -0.030809
0.0004575 -0.027619
0.00046 -0.024956
0.0004625 -0.023357
0.000465 -0.024421
0.0004675 -0.030277
0.00047 -0.035068
0.0004725 -0.033472
0.000475 -0.026554
0.0004775 -0.025488
0.00048 -0.023359
0.0004825 -0.020166
0.000485 -0.019632
0.0004875 -0.022295
0.00049 -0.022827
0.0004925 -0.020164
0.000495 -0.0191
0.0004975 -0.018036
0.0005 -0.016971
0.0005025 -0.017502
0.000505 -0.014309
0.0005075 -0.012183
0.00051 -0.014311
0.0005125 -0.015373
0.000515 -0.014841
0.0005175 -0.013247
0.00052 -0.01165
0.0005225 -0.012182
0.000525 -0.011116
0.0005275 -0.01112
0.00053 -0.011117
0.0005325 -0.008988
0.000535 -0.008454
0.0005375 -0.012182
0.00054 -0.014845
0.0005425 -0.01378
0.000545 -0.007923
0.0005475 -0.004198
0.00055 -0.001539
0.0005525 0.001122
0.000555 -0.001004
0.0005575 -0.004198
0.00056 -0.005264
0.0005625 -0.004728
0.000565 -0.003666
0.0005675 -0.002602
0.00057 -0.002071
0.0005725 -0.007391
0.000575 -0.010586
0.0005775 -0.008987
0.00058 -0.006327
0.0005825 -0.00473
0.000585 -0.005794
0.0005875 -0.005267
0.00059 -0.00739
0.0005925 -0.006859
0.000595 -0.007393
0.0005975 -0.011649
0.0006 -0.012182
0.0006025 -0.014843
0.000605 -0.015907
0.0006075 -0.017502
0.00061 -0.017504
0.0006125 -0.016972
0.000615 -0.016971
0.0006175 -0.014845
0.00062 -0.015907
0.0006225 -0.015907
0.000625 -0.013781
0.0006275 -0.008989
0.00063 -0.004732
0.0006325 -0.005264
0.000635 -0.006325
0.0006375 -0.007391
0.00064 -0.009521
0.0006425 -0.010051
0.000645 -0.008457
0.0006475 -0.008458
0.00065 -0.008991
0.0006525 -0.002604
0.000655 0.001126
0.0006575 0.001655
0.00066 0.003787
0.0006625 0.00538
0.000665 0.006979
0.0006675 0.006445
0.00067 0.00751
0.0006725 0.005381
0.000675 0.002722
0.0006775 -0.000473
0.00068 -0.001004
0.0006825 -0.001536
0.000685 -0.000473
0.0006875 -0.00207
0.00069 -0.001003
0.0006925 -0.004728
0.000695 -0.004198
0.0006975 -0.003134
0.0007 -0.001536
0.0007025 -0.001005
0.000705 0.001124
0.0007075 -0.002068
0.00071 -0.004732
0.0007125 -0.004732
0.000715 -0.005267
0.0007175 -0.005266
0.00072 -0.003668
0.0007225 -0.004733
0.000725 -0.005797
0.0007275 -0.006859
0.00073 -0.005263
0.0007325 -0.00686
0.000735 -0.010586
0.0007375 -0.015909
0.00074 -0.018036
0.0007425 -0.017506
0.000745 -0.014311
0.0007475 -0.011652
