    0 -0.003135
2.5e-06 -0.002604
5e-06 5.7e-05
7.5e-06 0.001655
1e-05 0.003252
1.25e-05 0.002718
1.5e-05 0.001125
1.75e-05 0.001656
2e-05 0.002188
2.25e-05 -0.000472
2.5e-05 -0.001006
2.75e-05 -0.003134
3e-05 -0.007927
3.25e-05 -0.008457
3.5e-05 -0.008458
3.75e-05 -0.012712
4e-05 -0.010054
4.25e-05 -0.007923
4.5e-05 -0.009521
4.75e-05 -0.013777
5e-05 -0.018568
5.25e-05 -0.020698
5.5e-05 -0.021763
5.75e-05 -0.022827
6e-05 -0.019635
6.25e-05 -0.014845
6.5e-05 -0.010583
6.75e-05 -0.008987
7e-05 -0.010054
7.25e-05 -0.012714
7.5e-05 -0.015376
7.75e-05 -0.015907
8e-05 -0.014311
8.25e-05 -0.015907
8.5e-05 -0.015907
8.75e-05 -0.017506
9e-05 -0.017506
9.25e-05 -0.014311
9.5e-05 -0.011648
9.75e-05 -0.009519
0.0001 -0.011118
0.0001025 -0.014311
0.000105 -0.014841
0.0001075 -0.018036
0.00011 -0.020699
0.0001125 -0.018568
0.000115 -0.021231
0.0001175 -0.024952
0.00012 -0.027085
0.0001225 -0.030279
0.000125 -0.034005
0.0001275 -0.038261
0.00013 -0.043051
0.0001325 -0.046244
0.000135 -0.045711
0.0001375 -0.051035
0.00014 -0.058485
0.0001425 -0.064343
0.000145 -0.067001
0.0001475 -0.0702
0.00015 -0.06913
0.0001525 -0.072322
0.000155 -0.06168
0.0001575 -0.04997
0.00016 -0.036663
0.0001625 -0.024954
0.000165 -0.018038
0.0001675 -0.01378
0.00017 -0.012184
0.0001725 -0.007393
0.000175 0.004316
0.0001775 0.013899
0.00018 0.01709
0.0001825 0.020283
0.000185 0.026674
0.0001875 0.033057
0.00019 0.036251
0.0001925 0.04051
0.000195 0.048494
0.0001975 0.049555
0.0002 0.047428
0.0002025 0.042638
0.000205 0.039448
0.0002075 0.031994
0.00021 0.025076
0.0002125 0.024009
0.000215 0.024008
0.0002175 0.024542
0.00022 0.025604
0.0002225 0.022413
0.000225 0.021347
0.0002275 0.016026
0.00023 0.006445
0.0002325 0.001655
0.000235 0.002189
0.0002375 0.002188
0.00024 0.001656
0.0002425 -0.002066
0.000245 -0.007925
0.0002475 -0.016441
0.00025 -0.023889
0.0002525 -0.030812
0.000255 -0.036132
0.0002575 -0.036133
0.00026 -0.036663
0.0002625 -0.039328
0.000265 -0.046778
0.0002675 -0.053696
0.00027 -0.057955
0.0002725 -0.061678
0.000275 -0.068598
0.0002775 -0.073921
0.00028 -0.077114
0.0002825 -0.08084
0.000285 -0.082967
0.0002875 -0.083501
0.00029 -0.089357
0.0002925 -0.099469
0.000295 -0.10798
0.0002975 -0.11437
0.0003 -0.11543
0.0003025 -0.1165
0.000305 -0.095743
0.0003075 -0.079779
0.00031 -0.066469
0.0003125 -0.048377
0.000315 -0.030276
0.0003175 -0.019633
0.00032 -0.013247
0.0003225 -0.003667
0.000325 0.006445
0.0003275 0.009106
0.00033 0.014429
0.0003325 0.020817
0.000335 0.03093
0.0003375 0.036251
0.00034 0.039447
0.0003425 0.046364
0.000345 0.050619
0.0003475 0.050619
0.00035 0.053285
0.0003525 0.057009
0.000355 0.055412
0.0003575 0.054344
0.00036 0.055412
0.0003625 0.05275
0.000365 0.04583
0.0003675 0.04477
0.00037 0.043169
0.0003725 0.042104
0.000375 0.038379
0.0003775 0.049556
0.00038 0.043701
0.0003825 0.039976
0.000385 0.037315
0.0003875 0.038383
0.00039 0.040507
0.0003925 0.041574
0.000395 0.039978
0.0003975 0.03891
0.0004 0.038914
0.0004025 0.037849
0.000405 0.038912
0.0004075 0.04051
0.00041 0.041574
0.0004125 0.03838
0.000415 0.037847
0.0004175 0.03838
0.00042 0.038382
0.0004225 0.037315
0.000425 0.038378
0.0004275 0.043701
0.00043 0.045829
0.0004325 0.044233
0.000435 0.041042
0.0004375 0.039976
0.00044 0.043703
0.0004425 0.0453
0.000445 0.043702
0.0004475 0.046364
0.00045 0.048495
0.0004525 0.047428
0.000455 0.046898
0.0004575 0.044768
0.00046 0.040508
0.0004625 0.042104
0.000465 0.045299
0.0004675 0.044766
0.00047 0.039446
0.0004725 0.035185
0.000475 0.03093
0.0004775 0.030397
0.00048 0.03146
0.0004825 0.034653
0.000485 0.039977
0.0004875 0.038912
0.00049 0.037315
0.0004925 0.034124
0.000495 0.035721
0.0004975 0.031462
0.0005 0.030928
0.0005025 0.032526
0.000505 0.03412
0.0005075 0.03306
0.00051 0.035185
0.0005125 0.035188
0.000515 0.037319
0.0005175 0.035187
0.00052 0.036785
0.0005225 0.031996
0.000525 0.03093
0.0005275 0.029863
0.00053 0.024544
0.0005325 0.024011
0.000535 0.027733
0.0005375 0.030395
0.00054 0.034654
0.0005425 0.03838
0.000545 0.04157
0.0005475 0.039444
0.00055 0.036785
0.0005525 0.03093
0.000555 0.030397
0.0005575 0.027734
0.00056 0.026138
0.0005625 0.025604
0.000565 0.025074
0.0005675 0.020817
0.00057 0.018687
0.0005725 0.019752
0.000575 0.022413
0.0005775 0.024012
0.00058 0.023478
0.0005825 0.019753
0.000585 0.018686
0.0005875 0.021881
0.00059 0.022944
0.0005925 0.021883
0.000595 0.020284
0.0005975 0.017626
0.0006 0.017623
0.0006025 0.018156
0.000605 0.01656
0.0006075 0.017624
0.00061 0.019219
0.0006125 0.019219
0.000615 0.018688
0.0006175 0.018688
0.00062 0.014961
0.0006225 0.017624
0.000625 0.023477
0.0006275 0.026138
0.00063 0.029333
0.0006325 0.031992
0.000635 0.034655
0.0006375 0.031992
0.00064 0.03093
0.0006425 0.030928
0.000645 0.028267
0.0006475 0.023478
0.00065 0.023477
0.0006525 0.022414
0.000655 0.020817
0.0006575 0.018154
0.00066 0.018154
0.0006625 0.017092
0.000665 0.013365
0.0006675 0.00964
0.00067 0.008042
0.0006725 0.005913
0.000675 0.002188
0.0006775 -0.001537
0.00068 -0.004732
0.0006825 6.1e-05
0.000685 0.003785
0.0006875 0.003254
0.00069 0.005914
0.0006925 0.005915
0.000695 0.006977
0.0006975 0.004316
0.0007 0.006447
0.0007025 0.00964
0.000705 0.012834
0.0007075 0.020283
0.00071 0.021883
0.0007125 0.018684
0.000715 0.020284
0.0007175 0.020283
0.00072 0.020817
0.0007225 0.020284
0.000725 0.018688
0.0007275 0.019219
0.00073 0.018156
0.0007325 0.018154
0.000735 0.022413
0.0007375 0.019751
0.00074 0.01709
0.0007425 0.013899
0.000745 0.014961
0.0007475 0.013365
