    0 -0.077426
2.5e-06 -0.044722
5e-06 -0.024152
7.5e-06 0.045186
1e-05 -0.004005
1.25e-05 -0.00963
1.5e-05 -0.029106
1.75e-05 -0.012984
2e-05 0.020104
2.25e-05 0.063989
2.5e-05 0.05483
2.75e-05 0.069346
3e-05 0.069506
3.25e-05 0.064123
3.5e-05 0.077243
3.75e-05 0.081685
4e-05 0.05243
4.25e-05 0.05362
4.5e-05 0.048392
4.75e-05 0.031285
5e-05 0.022811
5.25e-05 0.03565
5.5e-05 0.01837
5.75e-05 0.026734
6e-05 0.01702
6.25e-05 0.020129
6.5e-05 0.034811
6.75e-05 0.072917
7e-05 0.078863
7.25e-05 0.004961
7.5e-05 0.029921
7.75e-05 -3.4208
8e-05 -21.223
8.25e-05 -23.529
8.5e-05 -23.441
8.75e-05 -23.463
9e-05 -23.41
9.25e-05 -23.349
9.5e-05 -23.345
9.75e-05 -23.344
0.0001 -23.335
0.0001025 -23.34
0.000105 -23.318
0.0001075 -23.318
0.00011 -23.337
0.0001125 -23.342
0.000115 -23.338
0.0001175 -23.323
0.00012 -23.297
0.0001225 -23.325
0.000125 -23.3
0.0001275 -23.291
0.00013 -23.279
0.0001325 -23.283
0.000135 -23.324
0.0001375 -23.359
0.00014 -23.332
0.0001425 -23.308
0.000145 -23.32
0.0001475 -23.278
0.00015 -13.283
0.0001525 14.636
0.000155 23.797
0.0001575 24.063
0.00016 23.962
0.0001625 23.921
0.000165 23.933
0.0001675 23.917
0.00017 23.893
0.0001725 23.879
0.000175 23.921
0.0001775 23.892
0.00018 23.893
0.0001825 23.856
0.000185 23.863
0.0001875 23.86
0.00019 23.868
0.0001925 23.83
0.000195 23.848
0.0001975 23.867
0.0002 23.876
0.0002025 23.876
0.000205 23.865
0.0002075 23.873
0.00021 23.852
0.0002125 23.834
0.000215 23.891
0.0002175 23.896
0.00022 23.864
0.0002225 23.885
0.000225 23.881
0.0002275 23.847
0.00023 23.91
0.0002325 23.894
0.000235 23.897
0.0002375 23.952
0.00024 23.918
0.0002425 23.885
0.000245 23.896
0.0002475 23.891
0.00025 23.929
0.0002525 23.903
0.000255 23.873
0.0002575  23.9
0.00026 23.894
0.0002625 23.849
0.000265 23.874
0.0002675 23.899
0.00027 23.893
0.0002725 23.865
0.000275 23.85
0.0002775 23.877
0.00028 23.87
0.0002825 23.837
0.000285 23.882
0.0002875 23.824
0.00029 23.819
0.0002925 23.852
0.000295 23.842
0.0002975 23.81
0.0003 13.858
0.0003025 -14.224
0.000305 -23.578
0.0003075 -23.742
0.00031 -23.618
0.0003125 -23.591
0.000315 -23.531
0.0003175 -23.524
0.00032 -23.5
0.0003225 -23.459
0.000325 -23.475
0.0003275 -23.454
0.00033 -23.442
0.0003325 -23.39
0.000335 -23.415
0.0003375 -23.403
0.00034 -23.381
0.0003425 -23.437
0.000345 -23.424
0.0003475 -23.442
0.00035 -23.495
0.0003525 -23.481
0.000355 -23.422
0.0003575 -23.441
0.00036 -23.429
0.0003625 -23.405
0.000365 -23.414
0.0003675 -23.432
0.00037 -23.416
0.0003725 -23.408
0.000375 -23.423
0.0003775 -18.052
0.00038 -1.0643
0.0003825 0.019278
0.000385 -0.050757
0.0003875 -0.06508
0.00039 -0.059902
0.0003925 -0.069893
0.000395 -0.069777
0.0003975 -0.1362
0.0004 -0.12454
0.0004025 -0.086072
0.000405 -0.096031
0.0004075 -0.10197
0.00041 -0.094316
0.0004125 -0.10796
0.000415 -0.11204
0.0004175 -0.15201
0.00042 -0.10967
0.0004225 -0.10979
0.000425 -0.11018
0.0004275 -0.0683
0.00043 -0.048715
0.0004325 -0.11606
0.000435 -0.12512
0.0004375 -0.082597
0.00044 -0.04396
0.0004425 -0.091051
0.000445 -0.056741
0.0004475 -0.098891
0.00045 -0.08462
0.0004525 -0.11919
0.000455 -0.075845
0.0004575 -0.021464
0.00046 -0.028638
0.0004625 -0.038206
0.000465 -0.025861
0.0004675 -0.032869
0.00047 0.018964
0.0004725 -0.012812
0.000475 0.042498
0.0004775 0.077301
0.00048 0.064942
0.0004825 0.076494
0.000485 0.059694
0.0004875 0.057083
0.00049 0.040833
0.0004925 0.030133
0.000495 0.013403
0.0004975 0.018587
0.0005 0.039317
0.0005025 0.046824
0.000505 0.041614
0.0005075 0.02075
0.00051 0.007771
0.0005125 -0.008676
0.000515 -0.00396
0.0005175 0.006421
0.00052 -0.012043
0.0005225 0.015394
0.000525 0.02276
0.0005275 0.041941
0.00053 0.034683
0.0005325 0.011631
0.000535 0.067201
0.0005375 0.056207
0.00054 0.009199
0.0005425 0.004239
0.000545 -0.027819
0.0005475 -0.002712
0.00055 -0.006763
0.0005525 -0.0075
0.000555 0.004846
0.0005575 0.014069
0.00056 0.000308
0.0005625 -0.024452
0.000565 -0.00259
0.0005675 -0.027826
0.00057 -0.02899
0.0005725 -0.028664
0.000575 -0.021311
0.0005775 -0.001285
0.00058 0.001787
0.0005825 -0.000388
0.000585 0.006786
0.0005875 0.04555
0.00059 0.03357
0.0005925 0.060392
0.000595 0.066543
0.0005975 0.09021
0.0006 0.072175
0.0006025 0.045179
0.000605 0.060456
0.0006075 0.042658
0.00061 0.082517
0.0006125 0.062741
0.000615 0.006177
0.0006175 -0.026411
0.00062 0.00194
0.0006225 0.012072
0.000625 0.037864
0.0006275 0.056251
0.00063 0.035528
0.0006325 0.065602
0.000635 0.067752
0.0006375 0.041588
0.00064 0.038299
0.0006425 0.071874
0.000645 0.060564
0.0006475 0.056744
0.00065 0.060187
0.0006525 0.01421
0.000655 0.014145
0.0006575 -0.000735
0.00066 -0.019269
0.0006625 -0.014283
0.000665 0.009614
0.0006675 0.033333
0.00067 0.02196
0.0006725 0.033653
0.000675 0.007426
0.0006775 0.039119
0.00068 0.05835
0.0006825 0.083419
0.000685 0.052719
0.0006875 0.037294
0.00069 0.021499
0.0006925 0.023925
0.000695 0.012046
0.0006975 0.022383
0.0007 0.029678
0.0007025 0.043118
0.000705 0.067163
0.0007075 0.052737
0.00071 0.054299
0.0007125 0.030107
0.000715 -0.00869
0.0007175 0.001531
0.00072 0.009269
0.0007225 0.001845
0.000725 0.021179
0.0007275 0.055727
0.00073 0.084994
0.0007325 0.099893
0.000735 0.10976
0.0007375 0.069071
0.00074 -0.003076
0.0007425 0.005
0.000745 -0.038552
0.0007475 -0.049496
