    0 0.00144
2.5e-06 0.005165
5e-06 0.007292
7.5e-06 0.008356
1e-05 0.00889
1.25e-05 0.00942
1.5e-05 0.00889
1.75e-05 0.006227
2e-05 0.00197
2.25e-05 -0.00069
2.5e-05 -0.001755
2.75e-05 -0.001223
3e-05 0.000906
3.25e-05 0.00197
3.5e-05 0.003567
3.75e-05 0.00144
4e-05 0.000376
4.25e-05 -0.001223
4.5e-05 -0.00069
4.75e-05 -0.001223
5e-05 -0.004416
5.25e-05 -0.007608
5.5e-05 -0.008671
5.75e-05 -0.007608
6e-05 -0.007074
6.25e-05 -0.010269
6.5e-05 -0.008671
6.75e-05 -0.008141
7e-05 -0.009205
7.25e-05 -0.009735
7.5e-05 -0.01293
7.75e-05 -0.071466
8e-05 -0.42321
8.25e-05 -0.69354
8.5e-05 -0.93248
8.75e-05 -1.1528
9e-05 -1.3593
9.25e-05 -1.5577
9.5e-05 -1.7514
9.75e-05 -1.9372
0.0001 -2.1154
0.0001025 -2.2921
0.000105 -2.4672
0.0001075 -2.6401
0.00011 -2.8109
0.0001125 -2.9807
0.000115 -3.1462
0.0001175 -3.3106
0.00012 -3.474
0.0001225 -3.6358
0.000125 -3.7944
0.0001275 -3.9529
0.00013 -4.112
0.0001325 -4.2706
0.000135 -4.4276
0.0001375 -4.5803
0.00014 -4.7336
0.0001425 -4.8826
0.000145 -5.0337
0.0001475 -5.1886
0.00015 -5.3402
0.0001525 -5.2056
0.000155 -4.6862
0.0001575 -4.2978
0.00016 -3.9668
0.0001625 -3.6682
0.000165 -3.3968
0.0001675 -3.1403
0.00017 -2.8977
0.0001725 -2.6651
0.000175 -2.439
0.0001775 -2.2203
0.00018 -2.0079
0.0001825 -1.7993
0.000185 -1.5955
0.0001875 -1.396
0.00019 -1.197
0.0001925 -1.0006
0.000195 -0.80582
0.0001975 -0.61745
0.0002 -0.42853
0.0002025 -0.24282
0.000205 -0.057096
0.0002075 0.12437
0.00021 0.30742
0.0002125 0.48835
0.000215 0.66396
0.0002175 0.8401
0.00022 1.0162
0.0002225 1.1881
0.000225 1.3557
0.0002275 1.5239
0.00023 1.6899
0.0002325 1.856
0.000235 2.0215
0.0002375 2.1859
0.00024 2.3482
0.0002425 2.5078
0.000245 2.667
0.0002475 2.8261
0.00025 2.9873
0.0002525 3.1438
0.000255 3.2986
0.0002575 3.454
0.00026 3.6035
0.0002625 3.7573
0.000265 3.9106
0.0002675 4.0606
0.00027 4.2096
0.0002725 4.3576
0.000275 4.5071
0.0002775 4.6545
0.00028 4.7993
0.0002825 4.9467
0.000285 5.0962
0.0002875 5.2393
0.00029 5.3804
0.0002925 5.523
0.000295 5.6651
0.0002975 5.805
0.0003 5.9418
0.0003025 5.7954
0.000305 5.2883
0.0003075 4.9126
0.00031 4.5917
0.0003125 4.3076
0.000315 4.0484
0.0003175 3.8041
0.00032 3.5705
0.0003225 3.3406
0.000325 3.1187
0.0003275 2.9027
0.00033 2.6914
0.0003325 2.4818
0.000335 2.2806
0.0003375 2.0827
0.00034 1.8847
0.0003425 1.6883
0.000345 1.4941
0.0003475 1.302
0.00035 1.1136
0.0003525 0.92524
0.000355 0.73952
0.0003575 0.55487
0.00036 0.36809
0.0003625 0.1845
0.000365 0.00144
0.0003675 -0.18268
0.00037 -0.36255
0.0003725 -0.54135
0.000375 -0.72175
0.0003775 -0.77017
0.00038 -0.61159
0.0003825 -0.51953
0.000385 -0.4578
0.0003875 -0.41523
0.00039 -0.3849
0.0003925 -0.35669
0.000395 -0.33434
0.0003975 -0.31891
0.0004 -0.30721
0.0004025 -0.2955
0.000405 -0.28592
0.0004075 -0.27687
0.00041 -0.26676
0.0004125 -0.25984
0.000415 -0.25133
0.0004175 -0.24548
0.00042 -0.24175
0.0004225 -0.23643
0.000425 -0.23164
0.0004275 -0.23058
0.00043 -0.22525
0.0004325 -0.21834
0.000435 -0.21408
0.0004375 -0.21142
0.00044 -0.21089
0.0004425 -0.20823
0.000445 -0.20344
0.0004475 -0.19865
0.00045 -0.19386
0.0004525 -0.19386
0.000455 -0.19492
0.0004575 -0.19492
0.00046 -0.19546
0.0004625 -0.19865
0.000465 -0.19918
0.0004675 -0.19865
0.00047 -0.19918
0.0004725 -0.19758
0.000475 -0.19546
0.0004775 -0.19492
0.00048 -0.19599
0.0004825 -0.19652
0.000485 -0.19599
0.0004875 -0.19492
0.00049 -0.19599
0.0004925 -0.19439
0.000495 -0.19439
0.0004975 -0.19652
0.0005 -0.19599
0.0005025 -0.19705
0.000505 -0.19865
0.0005075 -0.20024
0.00051 -0.19918
0.0005125 -0.19865
0.000515 -0.19812
0.0005175 -0.19652
0.00052 -0.19546
0.0005225 -0.19546
0.000525 -0.19439
0.0005275 -0.19386
0.00053 -0.19386
0.0005325 -0.19492
0.000535 -0.19546
0.0005375 -0.19279
0.00054 -0.19279
0.0005425 -0.19279
0.000545 -0.19226
0.0005475 -0.19226
0.00055 -0.19013
0.0005525 -0.18588
0.000555 -0.18428
0.0005575 -0.18428
0.00056 -0.18162
0.0005625 -0.17736
0.000565 -0.17417
0.0005675 -0.17523
0.00057 -0.17683
0.0005725 -0.17949
0.000575 -0.17417
0.0005775 -0.1747
0.00058 -0.17311
0.0005825 -0.17311
0.000585 -0.17417
0.0005875 -0.17417
0.00059 -0.17417
0.0005925 -0.17204
0.000595 -0.16885
0.0005975 -0.16885
0.0006 -0.16991
0.0006025 -0.16725
0.000605 -0.16672
0.0006075 -0.16778
0.00061 -0.16565
0.0006125 -0.16299
0.000615 -0.1614
0.0006175 -0.16033
0.00062 -0.16033
0.0006225 -0.1598
0.000625 -0.15767
0.0006275 -0.15448
0.00063 -0.15182
0.0006325 -0.14916
0.000635 -0.14969
0.0006375 -0.15129
0.00064 -0.15022
0.0006425 -0.14916
0.000645 -0.14809
0.0006475 -0.14224
0.00065 -0.13958
0.0006525 -0.14171
0.000655 -0.14171
0.0006575 -0.14118
0.00066 -0.13745
0.0006625 -0.13586
0.000665 -0.13373
0.0006675 -0.13479
0.00067 -0.13532
0.0006725 -0.13266
0.000675 -0.13106
0.0006775 -0.12893
0.00068 -0.13106
0.0006825 -0.13319
0.000685 -0.13319
0.0006875 -0.13319
0.00069 -0.13373
0.0006925 -0.13373
0.000695 -0.13319
0.0006975 -0.13319
0.0007 -0.13
0.0007025 -0.12947
0.000705 -0.12893
0.0007075 -0.12734
0.00071 -0.12628
0.0007125 -0.12574
0.000715 -0.12095
0.0007175 -0.11776
0.00072 -0.11457
0.0007225 -0.11617
0.000725 -0.11776
0.0007275 -0.12095
0.00073 -0.12202
0.0007325 -0.11989
0.000735 -0.1167
0.0007375 -0.1135
0.00074 -0.10818
0.0007425 -0.10712
0.000745 -0.10552
0.0007475 -0.10605
