    0 -0.006624
2.5e-06 -0.004496
5e-06 -0.004496
7.5e-06 -0.004496
1e-05 -0.004496
1.25e-05 -0.006624
1.5e-05 -0.009285
1.75e-05 -0.007156
2e-05 -0.006624
2.25e-05 -0.007687
2.5e-05 -0.008221
2.75e-05 -0.010349
3e-05 -0.013544
3.25e-05 -0.011946
3.5e-05 -0.011414
3.75e-05 -0.014074
4e-05 -0.011946
4.25e-05 -0.009285
4.5e-05 -0.010349
4.75e-05 -0.012476
5e-05 -0.016203
5.25e-05 -0.018333
5.5e-05 -0.020462
5.75e-05 -0.01993
6e-05 -0.018864
6.25e-05 -0.014074
6.5e-05 -0.010881
6.75e-05 -0.010349
7e-05 -0.01301
7.25e-05 -0.016203
7.5e-05 -0.015139
7.75e-05 0.040747
8e-05 0.37925
8.25e-05 0.63845
8.5e-05 0.8673
8.75e-05 1.077
9e-05 1.2734
9.25e-05 1.4645
9.5e-05 1.6513
9.75e-05 1.836
0.0001 2.0105
0.0001025 2.1819
0.000105 2.3501
0.0001075 2.5183
0.00011 2.6854
0.0001125 2.8536
0.000115 3.0159
0.0001175 3.1777
0.00012 3.3379
0.0001225 3.4949
0.000125 3.6509
0.0001275 3.8058
0.00013 3.9607
0.0001325 4.1139
0.000135 4.2678
0.0001375 4.4205
0.00014 4.5701
0.0001425 4.718
0.000145 4.866
0.0001475 5.0145
0.00015 5.1635
0.0001525 5.0395
0.000155 4.5562
0.0001575 4.1991
0.00016 3.8989
0.0001625 3.6328
0.000165 3.3853
0.0001675 3.1506
0.00017 2.9233
0.0001725 2.704
0.000175 2.4965
0.0001775 2.2932
0.00018 2.0888
0.0001825 1.8865
0.000185 1.6885
0.0001875 1.4927
0.00019 1.2995
0.0001925 1.1063
0.000195 0.91893
0.0001975 0.72946
0.0002 0.54105
0.0002025 0.35264
0.000205 0.16636
0.0002075 -0.01993
0.00021 -0.20568
0.0002125 -0.38664
0.000215 -0.56334
0.0002175 -0.73845
0.00022 -0.91302
0.0002225 -1.0892
0.000225 -1.2632
0.0002275 -1.4399
0.00023 -1.6156
0.0002325 -1.7885
0.000235 -1.9599
0.0002375 -2.1286
0.00024 -2.2968
0.0002425 -2.465
0.000245 -2.6332
0.0002475 -2.7993
0.00025 -2.9658
0.0002525 -3.1282
0.000255 -3.291
0.0002575 -3.4496
0.00026 -3.6072
0.0002625 -3.7626
0.000265 -3.9223
0.0002675 -4.0803
0.00027 -4.2347
0.0002725 -4.389
0.000275 -4.5466
0.0002775 -4.6999
0.00028 -4.8521
0.0002825 -5.0027
0.000285 -5.1507
0.0002875 -5.2976
0.00029 -5.4466
0.0002925 -5.5967
0.000295 -5.7441
0.0002975 -5.8899
0.0003 -6.0331
0.0003025 -5.9059
0.000305 -5.4045
0.0003075 -5.0299
0.00031 -4.7105
0.0003125 -4.4204
0.000315 -4.1511
0.0003175 -3.9042
0.00032 -3.6673
0.0003225 -3.4363
0.000325 -3.2096
0.0003275 -2.9946
0.00033 -2.779
0.0003325 -2.5677
0.000335 -2.3591
0.0003375 -2.1558
0.00034 -1.9557
0.0003425 -1.7566
0.000345 -1.5623
0.0003475 -1.3707
0.00035 -1.1765
0.0003525 -0.98221
0.000355 -0.79539
0.0003575 -0.61018
0.00036 -0.42656
0.0003625 -0.24773
0.000365 -0.068895
0.0003675 0.11313
0.00037 0.29249
0.0003725 0.47185
0.000375 0.64749
0.0003775 0.71296
0.00038 0.56659
0.0003825 0.48463
0.000385 0.4314
0.0003875 0.39575
0.00039 0.37179
0.0003925 0.3521
0.000395 0.3356
0.0003975 0.3223
0.0004 0.31165
0.0004025 0.3042
0.000405 0.30048
0.0004075 0.29675
0.00041 0.29409
0.0004125 0.28877
0.000415 0.28664
0.0004175 0.28504
0.00042 0.28398
0.0004225 0.28185
0.000425 0.27812
0.0004275 0.27812
0.00043 0.27546
0.0004325 0.27173
0.000435 0.26748
0.0004375 0.26482
0.00044 0.26642
0.0004425 0.26642
0.000445 0.26535
0.0004475 0.26748
0.00045 0.27014
0.0004525 0.26907
0.000455 0.26588
0.0004575 0.26216
0.00046 0.2579
0.0004625 0.25843
0.000465 0.2579
0.0004675 0.25577
0.00047 0.25204
0.0004725 0.24885
0.000475 0.24406
0.0004775 0.24299
0.00048 0.2414
0.0004825 0.24193
0.000485 0.24406
0.0004875 0.24299
0.00049 0.24193
0.0004925 0.2398
0.000495 0.2398
0.0004975 0.23661
0.0005 0.23501
0.0005025 0.23554
0.000505 0.23874
0.0005075 0.23821
0.00051 0.23874
0.0005125 0.2398
0.000515 0.2398
0.0005175 0.23767
0.00052 0.23608
0.0005225 0.23075
0.000525 0.23022
0.0005275 0.22809
0.00053 0.2233
0.0005325 0.22171
0.000535 0.22383
0.0005375 0.2249
0.00054 0.22543
0.0005425 0.22596
0.000545 0.2249
0.0005475 0.22117
0.00055 0.22064
0.0005525 0.21851
0.000555 0.21638
0.0005575 0.21372
0.00056 0.21212
0.0005625 0.20893
0.000565 0.20521
0.0005675 0.20148
0.00057 0.19988
0.0005725 0.19882
0.000575 0.19776
0.0005775 0.19776
0.00058 0.19669
0.0005825 0.1935
0.000585 0.19562
0.0005875 0.19829
0.00059 0.19722
0.0005925 0.19669
0.000595 0.19616
0.0005975 0.19403
0.0006 0.19297
0.0006025 0.18977
0.000605 0.18658
0.0006075 0.18604
0.00061 0.18604
0.0006125 0.18338
0.000615 0.18072
0.0006175 0.17647
0.00062 0.17274
0.0006225 0.17327
0.000625 0.17433
0.0006275 0.17327
0.00063 0.1738
0.0006325 0.1754
0.000635 0.1754
0.0006375 0.17327
0.00064 0.17167
0.0006425 0.16955
0.000645 0.16582
0.0006475 0.16103
0.00065 0.15997
0.0006525 0.1605
0.000655 0.15784
0.0006575 0.15571
0.00066 0.15517
0.0006625 0.15305
0.000665 0.14985
0.0006675 0.14826
0.00067 0.14666
0.0006725 0.14453
0.000675 0.13974
0.0006775 0.13548
0.00068 0.13176
0.0006825 0.13336
0.000685 0.13495
0.0006875 0.13442
0.00069 0.13442
0.0006925 0.13282
0.000695 0.13176
0.0006975 0.1291
0.0007 0.13176
0.0007025 0.13229
0.000705 0.13336
0.0007075 0.13495
0.00071 0.13442
0.0007125 0.13229
0.000715 0.13069
0.0007175 0.12856
0.00072 0.12803
0.0007225 0.12697
0.000725 0.12484
0.0007275 0.12377
0.00073 0.12111
0.0007325 0.11951
0.000735 0.12271
0.0007375 0.12165
0.00074 0.11845
0.0007425 0.11526
0.000745 0.11366
0.0007475 0.1126
