t i_d i_d2
  3.1 5.0973 11.654
3.1042 5.2572 12.011
3.1083 5.1808 12.349
3.1125 5.4006  13.9
3.1167 5.412 14.129
3.1208 5.3333 14.342
3.125 5.4097 12.944
3.1292 5.531 12.779
3.1333 5.4506 12.607
3.1375 5.6283 14.275
3.1417 5.6175 13.984
3.1458 5.5358 13.691
 3.15 5.5902 11.781
3.1542 5.6671 12.038
3.1583 5.5847 12.289
3.1625 5.7186 14.365
3.1667 5.6875 14.474
3.1708 5.6048 14.582
3.175 5.6352 12.425
3.1792 5.666 12.124
3.1833 5.5836 11.831
3.1875 5.6679 13.688
3.1917 5.6148 13.582
3.1958 5.5332 13.484
  3.2 5.5417 11.436
3.2042 5.5246 11.241
3.2083 5.4442 11.059
3.2125 5.4808 13.41
3.2167 5.4041 12.808
3.2208 5.3255 12.227
3.225 5.3102 8.4121
3.2292 5.2473 7.7537
3.2333 5.1711 7.1197
3.2375 5.1342 7.5892
3.2417 5.0596 6.8791
3.2458 4.9861 6.1964
 3.25 4.9098 5.106
3.2542 4.8385 4.0507
3.2583 4.7683 3.0297
3.2625 4.6531 0.75917
3.2667 4.5855 0.33151
3.2708 4.519 -0.069732
3.275 4.3731 2.6594
3.2792 4.3096 2.219
3.2833 4.2471 1.8058
3.2875 4.1082 -1.5286
3.2917 4.0042 -2.2606
3.2958 3.9461 -2.9608
  3.3 3.7468 -1.4437
3.3042 3.6745 -2.4617
3.3083 3.6213 -3.444
3.3125 3.4687 -6.2895
3.3167 3.3213 -6.9056
3.3208 3.2732 -7.4927
3.325 3.0382 -5.8515
3.3292 2.9536 -6.1073
3.3333 2.9109 -6.3407
3.3375 2.746 -8.4292
3.3417 2.5639 -8.593
3.3458 2.5268 -8.7373
 3.35 2.2575 -7.2736
3.3542 2.1617 -7.6937
3.3583 2.1305 -8.0927
3.3625 1.9543 -10.011
3.3667 1.7387 -10.302
3.3708 1.7136 -10.577
3.375 1.4147 -9.5416
3.3792 1.3087 -9.7431
3.3833 1.2898 -9.9321
3.3875 1.107 -11.628
3.3917 0.87013 -11.687
3.3958 0.85758 -11.739
  3.4 0.53749 -10.161
3.4042 0.42931 -10.134
3.4083 0.42312 -10.103
3.4125 0.23797 -10.946
3.4167 -0.019941 -10.783
3.4208 -0.019654 -10.623
3.425 -0.35299 -9.4581
3.4292 -0.46319 -9.2064
3.4333 -0.45652 -8.9618
3.4375 -0.64007 -9.5927
3.4417 -0.90752 -9.2224
3.4458 -0.89447 -8.8641
 3.45 -1.2335 -7.819
3.4542 -1.3384 -7.3724
3.4583 -1.3192 -6.942
3.4625 -1.4976 -7.0782
3.4667 -1.7673 -6.8512
3.4708 -1.742 -6.6399
3.475 -2.0834 -5.7441
3.4792 -2.1834 -5.1361
3.4833 -2.152 -4.5519
3.4875 -2.322 -3.9193
3.4917 -2.5871 -2.9467
3.4958 -2.55 -2.0052
  3.5 -2.8831 -1.0284
3.5042 -2.9715 0.27613
3.5083 -2.9289 1.5429
3.5125 -3.0875 2.8304
3.5167 -3.3375 3.4935
3.5208 -3.2897 4.127
3.525 -3.6081 4.4721
3.5292 -3.686 5.1426
3.5333 -3.6332 5.7825
3.5375 -3.7778 6.7477
3.5417 -4.0102 7.3895
3.5458 -3.9528 8.0009
 3.55 -4.2501 7.6771
3.5542 -4.3113 8.2989
3.5583 -4.2497 8.8909
3.5625 -4.3778 10.42
3.5667 -4.5826 10.971
3.5708 -4.5172 11.493
3.575 -4.7874 11.064
3.5792 -4.8297 11.254
3.5833 -4.7608 11.422
3.5875 -4.8702 12.822
3.5917 -5.0455 12.92
3.5958 -4.9734    13
  3.6 -5.2071 11.802
3.6042 -5.2322 12.157
3.6083 -5.1576 12.493
3.6125 -5.2463 14.042
3.6167 -5.3825 14.269
3.6208 -5.3057 14.48
3.625 -5.5009 13.079
3.6292 -5.5032 12.913
3.6333 -5.4247 12.739
3.6375 -5.4909 14.405
3.6417 -5.59 14.112
3.6458 -5.5103 13.818
 3.65 -5.6614 11.905
3.6542 -5.6429 12.161
3.6583 -5.5624 12.41
3.6625 -5.6041 14.485
3.6667 -5.657 14.592
3.6708 -5.5763 14.698
3.675 -5.6815 12.539
3.6792 -5.6405 12.237
3.6833 -5.56 11.943
3.6875 -5.5792 13.798
3.6917 -5.5879 13.69
3.6958 -5.5082 13.59
  3.7 -5.5657 11.541
3.7042 -5.5003 11.345
3.7083 -5.4219 11.161
3.7125 -5.4168 13.51
3.7167 -5.3795 12.907
3.7208 -5.3028 12.325
3.725 -5.306 8.5084
3.7292 -5.2303 7.8486
3.7333 -5.1557 7.2132
3.7375 -5.116 7.6814
3.7417 -5.043  6.97
3.7458 -4.971 6.2861
 3.75  -4.9 5.1943
3.7542 -4.8301 4.1378
3.7583 -4.7611 3.1156
3.7625 -4.648 0.84385
3.7667 -4.5816 0.41499
3.7708 -4.5161 0.012574
3.775 -4.3905 2.7405
3.7792 -4.3063 2.299
3.7833 -4.2448 1.8847
3.7875 -4.0703 -1.4509
3.7917 -4.0055 -2.1839
3.7958 -3.9483 -2.8852
  3.8 -3.8043 -1.3692
3.8042 -3.68 -2.3882
3.8083 -3.6273 -3.3716
3.8125 -3.4126 -6.2181
3.8167 -3.3348 -6.8352
3.8208 -3.2871 -7.4233
3.825 -3.1298 -5.7831
3.8292 -2.9665 -6.0399
3.8333 -2.924 -6.2742
3.8375 -2.6702 -8.3636
3.8417 -2.5806 -8.5283
3.8458 -2.5436 -8.6736
 3.85 -2.3742 -7.2108
3.8542 -2.1766 -7.6318
3.8583 -2.1454 -8.0317
3.8625 -1.861 -9.9505
3.8667 -1.7604 -10.243
3.8708 -1.7351 -10.519
3.875 -1.5544 -9.4839
3.8792 -1.3271 -9.6862
3.8833 -1.308 -9.876
3.8875 -1.0013 -11.573
3.8917 -0.89425 -11.633
3.8958 -0.88139 -11.686
  3.9 -0.69758 -10.108
3.9042 -0.44841 -10.081
3.9083 -0.44195 -10.052
3.9125 -0.11333 -10.895
3.9167 -0.0038581 -10.733
3.9208 -0.0038026 -10.573
3.925 0.18279 -9.4095
3.9292 0.44604 -9.1585
3.9333 0.43961 -8.9145
3.9375 0.77868 -9.5461
3.9417 0.88673 -9.1765
3.9458 0.87394 -8.8188
 3.95 1.0557 -7.7743
3.9542 1.3257 -7.3284
3.9583 1.3065 -6.8986
3.9625 1.6487 -7.0354
3.9667 1.7519 -6.809
3.9708 1.7266 -6.5984
3.975 1.9039 -5.7031
3.9792 2.1734 -5.0957
3.9833 2.1419 -4.5121
3.9875 2.4839 -3.8801
3.9917 2.5789 -2.908
3.9958 2.5416 -1.9671
    4 2.7112 -0.99075
4.0042 2.9731 0.3132
4.0083 2.9301 1.5795
4.0125 3.2611 2.8664
4.0167 3.345 3.529
4.0208 3.2966 4.162
4.025 3.4517 4.5065
4.0292 3.6956 5.1766
4.0333 3.642 5.816
4.0375 3.9556 6.7807
4.0417 4.0257 7.4221
4.0458 3.9673 8.033
 4.05 4.1053 7.7087
4.0542 4.3286 8.3301
4.0583 4.2658 8.9216
4.0625 4.5516 10.451
4.0667 4.6056 11.001
4.0708 4.5388 11.522
4.075 4.6609 11.093
4.0792 4.8536 11.283
4.0833 4.7831 11.45
4.0875 5.0389 12.85
4.0917 5.0707 12.947
4.0958 4.9971 13.027
  4.1 5.0974 11.829
4.1042 5.2573 12.183
4.1083 5.1809 12.518
4.1125 5.4006 14.067
4.1167 5.412 14.294
4.1208 5.3334 14.505
4.125 5.4098 13.104
4.1292 5.531 12.937
4.1333 5.4506 12.763
4.1375 5.6284 14.428
4.1417 5.6176 14.135
4.1458 5.5359 13.84
 4.15 5.5902 11.927
4.1542 5.6672 12.183
4.1583 5.5847 12.432
4.1625 5.7186 14.506
4.1667 5.6876 14.613
4.1708 5.6049 14.718
4.175 5.6353 12.56
4.1792 5.666 12.257
4.1833 5.5836 11.962
4.1875 5.6679 13.817
4.1917 5.6149 13.709
4.1958 5.5332 13.609
