t u_a_ap u_a_an u_b_ap u_b_an u_c_ap u_c_an i_a_ap i_a_an i_b_ap i_b_an i_c_ap i_c_an di_a_a di_b_a di_c_a
    0     0     0     0     0     0     0     0     0     0     0     0     0     0     0     0 
0.0045     0     0     0     0     0     0     0     0     0     0     0     0     0     0     0 
0.009     0     0     0     0     0     0     0     0     0     0     0     0     0     0     0 
0.018     0     0     0     0     0     0     0     0     0     0     0     0     0     0     0 
0.036     0     0     0     0     0     0     0     0     0     0     0     0     0     0     0 
0.072     0     0     0     0     0     0     0     0     0     0     0     0     0     0     0 
0.144     0     0     0     0     0     0     0     0     0     0     0     0     0     0     0 
0.288     0     0     0     0     0     0     0     0     0     0     0     0     0     0     0 
0.576     0     0     0     0     0     0     0     0     0     0     0     0     0     0     0 
 1.03     0     0     0     0     0     0     0     0     0     0     0     0     0     0     0 
 1.48     0     0     0     0     0     0     0     0     0     0     0     0     0     0     0 
 1.93     0     0     0     0     0     0     0     0     0     0     0     0     0     0     0 
 2.38     0     0     0     0     0     0     0     0     0     0     0     0     0     0     0 
 2.83     0     0     0     0     0     0     0     0     0     0     0     0     0     0     0 
 3.28     0     0     0     0     0     0     0     0     0     0     0     0     0     0     0 
 3.73     0     0     0     0     0     0     0     0     0     0     0     0     0     0     0 
 4.18     0     0     0     0     0     0     0     0     0     0     0     0     0     0     0 
 4.63     0     0     0     0     0     0     0     0     0     0     0     0     0     0     0 
 5.08     0     0     0     0     0     0     0     0     0     0     0     0     0     0     0 
 5.53     0     0     0     0     0     0     0     0     0     0     0     0     0     0     0 
 5.98     0     0     0     0     0     0     0     0     0     0     0     0     0     0     0 
 6.43     0     0     0     0     0     0     0     0     0     0     0     0     0     0     0 
 6.88     0     0     0     0     0     0     0     0     0     0     0     0     0     0     0 
 7.33     0     0     0     0     0     0     0     0     0     0     0     0     0     0     0 
 7.78     0     0     0     0     0     0     0     0     0     0     0     0     0     0     0 
 8.23     0     0     0     0     0     0     0     0     0     0     0     0     0     0     0 
 8.68     0     0     0     0     0     0     0     0     0     0     0     0     0     0     0 
 9.13     0     0     0     0     0     0     0     0     0     0     0     0     0     0     0 
 9.58     0     0     0     0     0     0     0     0     0     0     0     0     0     0     0 
   10     0     0     0     0     0     0     0     0     0     0     0     0     0     0     0 
 10.5     0     0     0     0     0     0     0     0     0     0     0     0     0     0     0 
 10.9     0     0     0     0     0     0     0     0     0     0     0     0     0     0     0 
 11.4     0     0     0     0     0     0     0     0     0     0     0     0     0     0     0 
 11.8     0     0     0     0     0     0     0     0     0     0     0     0     0     0     0 
 12.3     0     0     0     0     0     0     0     0     0     0     0     0     0     0     0 
 12.7     0     0     0     0     0     0     0     0     0     0     0     0     0     0     0 
 13.2     0     0     0     0     0     0     0     0     0     0     0     0     0     0     0 
 13.6     0     0     0     0     0     0     0     0     0     0     0     0     0     0     0 
 14.1     0     0     0     0     0     0     0     0     0     0     0     0     0     0     0 
 14.5     0     0     0     0     0     0     0     0     0     0     0     0     0     0     0 
   15     0     0     0     0     0     0     0     0     0     0     0     0     0     0     0 
 15.4     0     0     0     0     0     0     0     0     0     0     0     0     0     0     0 
 15.9     0     0     0     0     0     0     0     0     0     0     0     0     0     0     0 
 16.3     0     0     0     0     0     0     0     0     0     0     0     0     0     0     0 
 16.8     0     0     0     0     0     0     0     0     0     0     0     0     0     0     0 
 17.2     0     0     0     0     0     0     0     0     0     0     0     0     0     0     0 
 17.7     0     0     0     0     0     0     0     0     0     0     0     0     0     0     0 
 18.1     0     0     0     0     0     0     0     0     0     0     0     0     0     0     0 
 18.6     0     0     0     0     0     0     0     0     0     0     0     0     0     0     0 
   19     0     0     0     0     0     0     0     0     0     0     0     0     0     0     0 
 19.5     0     0     0     0     0     0     0     0     0     0     0     0     0     0     0 
 19.9     0     0     0     0     0     0     0     0     0     0     0     0     0     0     0 
 20.4     0     0     0     0     0     0     0     0     0     0     0     0     0     0     0 
 20.8     0     0     0     0     0     0     0     0     0     0     0     0     0     0     0 
 21.3     0     0     0     0     0     0     0     0     0     0     0     0     0     0     0 
 21.7     0     0     0     0     0     0     0     0     0     0     0     0     0     0     0 
 22.2     0     0     0     0     0     0     0     0     0     0     0     0     0     0     0 
 22.6     0     0     0     0     0     0     0     0     0     0     0     0     0     0     0 
 23.1     0     0     0     0     0     0     0     0     0     0     0     0     0     0     0 
 23.5     0     0     0     0     0     0     0     0     0     0     0     0     0     0     0 
   24     0     0     0     0     0     0     0     0     0     0     0     0     0     0     0 
 24.4     0     0     0     0     0     0     0     0     0     0     0     0     0     0     0 
 24.9     0     0     0     0     0     0     0     0     0     0     0     0     0     0     0 
 25.3     0     0     0     0     0     0     0     0     0     0     0     0     0     0     0 
 25.8     0     0     0     0     0     0     0     0     0     0     0     0     0     0     0 
 26.2     0     0     0     0     0     0     0     0     0     0     0     0     0     0     0 
 26.7     0     0     0     0     0     0     0     0     0     0     0     0     0     0     0 
 27.1     0     0     0     0     0     0     0     0     0     0     0     0     0     0     0 
 27.6     0     0     0     0     0     0     0     0     0     0     0     0     0     0     0 
   28     0     0     0     0     0     0     0     0     0     0     0     0     0     0     0 
 28.5     0     0     0     0     0     0     0     0     0     0     0     0     0     0     0 
 28.9     0     0     0     0     0     0     0     0     0     0     0     0     0     0     0 
 29.4     0     0     0     0     0     0     0     0     0     0     0     0     0     0     0 
 29.8     0     0     0     0     0     0     0     0     0     0     0     0     0     0     0 
 30.3     0     0     0     0     0     0     0     0     0     0     0     0     0     0     0 
 30.7     0     0     0     0     0     0     0     0     0     0     0     0     0     0     0 
 31.2     0     0     0     0     0     0     0     0     0     0     0     0     0     0     0 
 31.6     0     0     0     0     0     0     0     0     0     0     0     0     0     0     0 
 32.1     0     0     0     0     0     0     0     0     0     0     0     0     0     0     0 
 32.5     0     0     0     0     0     0     0     0     0     0     0     0     0     0     0 
   33     0     0     0     0     0     0     0     0     0     0     0     0     0     0     0 
 33.4     0     0     0     0     0     0     0     0     0     0     0     0     0     0     0 
 33.9     0     0     0     0     0     0     0     0     0     0     0     0     0     0     0 
 34.3     0     0     0     0     0     0     0     0     0     0     0     0     0     0     0 
 34.8     0     0     0     0     0     0     0     0     0     0     0     0     0     0     0 
 35.2     0     0     0     0     0     0     0     0     0     0     0     0     0     0     0 
 35.7     0     0     0     0     0     0     0     0     0     0     0     0     0     0     0 
 36.1     0     0     0     0     0     0     0     0     0     0     0     0     0     0     0 
 36.6     0     0     0     0     0     0     0     0     0     0     0     0     0     0     0 
   37     0     0     0     0     0     0     0     0     0     0     0     0     0     0     0 
 37.5     0     0     0     0     0     0     0     0     0     0     0     0     0     0     0 
 37.9     0     0     0     0     0     0     0     0     0     0     0     0     0     0     0 
 38.4     0     0     0     0     0     0     0     0     0     0     0     0     0     0     0 
 38.8     0     0     0     0     0     0     0     0     0     0     0     0     0     0     0 
 39.3     0     0     0     0     0     0     0     0     0     0     0     0     0     0     0 
 39.7     0     0     0     0     0     0     0     0     0     0     0     0     0     0     0 
 40.2     0     0     0     0     0     0     0     0     0     0     0     0     0     0     0 
 40.6     0     0     0     0     0     0     0     0     0     0     0     0     0     0     0 
 41.1     0     0     0     0     0     0     0     0     0     0     0     0     0     0     0 
 41.5     0     0     0     0     0     0     0     0     0     0     0     0     0     0     0 
   42     0     0     0     0     0     0     0     0     0     0     0     0     0     0     0 
 42.4     0     0     0     0     0     0     0     0     0     0     0     0     0     0     0 
 42.9     0     0     0     0     0     0     0     0     0     0     0     0     0     0     0 
 43.3     0     0     0     0     0     0     0     0     0     0     0     0     0     0     0 
 43.8     0     0     0     0     0     0     0     0     0     0     0     0     0     0     0 
 44.2     0     0     0     0     0     0     0     0     0     0     0     0     0     0     0 
 44.7     0     0     0     0     0     0     0     0     0     0     0     0     0     0     0 
 45.1     0     0     0     0     0     0     0     0     0     0     0     0     0     0     0 
 45.6     0     0     0     0     0     0     0     0     0     0     0     0     0     0     0 
   46     0     0     0     0     0     0     0     0     0     0     0     0     0     0     0 
 46.5     0     0     0     0     0     0     0     0     0     0     0     0     0     0     0 
 46.9     0     0     0     0     0     0     0     0     0     0     0     0     0     0     0 
 47.4     0     0     0     0     0     0     0     0     0     0     0     0     0     0     0 
 47.8     0     0     0     0     0     0     0     0     0     0     0     0     0     0     0 
 48.3     0     0     0     0     0     0     0     0     0     0     0     0     0     0     0 
 48.7     0     0     0     0     0     0     0     0     0     0     0     0     0     0     0 
 49.2     0     0     0     0     0     0     0     0     0     0     0     0     0     0     0 
 49.6     0     0     0     0     0     0     0     0     0     0     0     0     0     0     0 
 50.1     0     0     0     0     0     0     0     0     0     0     0     0     0     0     0 
 50.5     0     0     0     0     0     0     0     0     0     0     0     0     0     0     0 
   51     0     0     0     0     0     0     0     0     0     0     0     0     0     0     0 
 51.4     0     0     0     0     0     0     0     0     0     0     0     0     0     0     0 
 51.9     0     0     0     0     0     0     0     0     0     0     0     0     0     0     0 
 52.3     0     0     0     0     0     0     0     0     0     0     0     0     0     0     0 
 52.8     0     0     0     0     0     0     0     0     0     0     0     0     0     0     0 
 53.2     0     0     0     0     0     0     0     0     0     0     0     0     0     0     0 
 53.7     0     0     0     0     0     0     0     0     0     0     0     0     0     0     0 
 54.1     0     0     0     0     0     0     0     0     0     0     0     0     0     0     0 
 54.6     0     0     0     0     0     0     0     0     0     0     0     0     0     0     0 
   55     0     0     0     0     0     0     0     0     0     0     0     0     0     0     0 
 55.5     0     0     0     0     0     0     0     0     0     0     0     0     0     0     0 
 55.9     0     0     0     0     0     0     0     0     0     0     0     0     0     0     0 
 56.4     0     0     0     0     0     0     0     0     0     0     0     0     0     0     0 
 56.8     0     0     0     0     0     0     0     0     0     0     0     0     0     0     0 
 57.3     0     0     0     0     0     0     0     0     0     0     0     0     0     0     0 
 57.7     0     0     0     0     0     0     0     0     0     0     0     0     0     0     0 
 58.2     0     0     0     0     0     0     0     0     0     0     0     0     0     0     0 
 58.6     0     0     0     0     0     0     0     0     0     0     0     0     0     0     0 
 59.1     0     0     0     0     0     0     0     0     0     0     0     0     0     0     0 
 59.5     0     0     0     0     0     0     0     0     0     0     0     0     0     0     0 
   60     0     0     0     0     0     0     0     0     0     0     0     0     0     0     0 
 60.4     0     0     0     0     0     0     0     0     0     0     0     0     0     0     0 
 60.9     0     0     0     0     0     0     0     0     0     0     0     0     0     0     0 
 61.3     0     0     0     0     0     0     0     0     0     0     0     0     0     0     0 
 61.8     0     0     0     0     0     0     0     0     0     0     0     0     0     0     0 
 62.2     0     0     0     0     0     0     0     0     0     0     0     0     0     0     0 
 62.7     0     0     0     0     0     0     0     0     0     0     0     0     0     0     0 
 63.1     0     0     0     0     0     0     0     0     0     0     0     0     0     0     0 
 63.6     0     0     0     0     0     0     0     0     0     0     0     0     0     0     0 
   64     0     0     0     0     0     0     0     0     0     0     0     0     0     0     0 
 64.5     0     0     0     0     0     0     0     0     0     0     0     0     0     0     0 
 64.9     0     0     0     0     0     0     0     0     0     0     0     0     0     0     0 
 65.4     0     0     0     0     0     0     0     0     0     0     0     0     0     0     0 
 65.8     0     0     0     0     0     0     0     0     0     0     0     0     0     0     0 
 66.3     0     0     0     0     0     0     0     0     0     0     0     0     0     0     0 
 66.7     0     0     0     0     0     0     0     0     0     0     0     0     0     0     0 
 67.2     0     0     0     0     0     0     0     0     0     0     0     0     0     0     0 
 67.6     0     0     0     0     0     0     0     0     0     0     0     0     0     0     0 
 68.1     0     0     0     0     0     0     0     0     0     0     0     0     0     0     0 
 68.5     0     0     0     0     0     0     0     0     0     0     0     0     0     0     0 
   69     0     0     0     0     0     0     0     0     0     0     0     0     0     0     0 
 69.4     0     0     0     0     0     0     0     0     0     0     0     0     0     0     0 
 69.9     0     0     0     0     0     0     0     0     0     0     0     0     0     0     0 
 70.3     0     0     0     0     0     0     0     0     0     0     0     0     0     0     0 
 70.8     0     0     0     0     0     0     0     0     0     0     0     0     0     0     0 
 71.2     0     0     0     0     0     0     0     0     0     0     0     0     0     0     0 
 71.7     0     0     0     0     0     0     0     0     0     0     0     0     0     0     0 
 72.1     0     0     0     0     0     0     0     0     0     0     0     0     0     0     0 
 72.6     0     0     0     0     0     0     0     0     0     0     0     0     0     0     0 
   73     0     0     0     0     0     0     0     0     0     0     0     0     0     0     0 
 73.5     0     0     0     0     0     0     0     0     0     0     0     0     0     0     0 
 73.9     0     0     0     0     0     0     0     0     0     0     0     0     0     0     0 
 74.4     0     0     0     0     0     0     0     0     0     0     0     0     0     0     0 
 74.8     0     0     0     0     0     0     0     0     0     0     0     0     0     0     0 
 75.3    24   -24   -12    12   -12    12 0.0372 -0.0372 -0.0186 0.0186 -0.0186 0.0186 6.94e-15     0 6.94e-15 
 75.7    24   -24   -12    12   -12    12 0.112 -0.112 -0.0558 0.0558 -0.0558 0.0558 -0.0104 0.00521 0.00521 
 76.2    24   -24   -12    12   -12    12 0.186 -0.186 -0.0929 0.0929 -0.0929 0.0929 -0.0381 0.019 0.019 
 76.6    24   -24   -12    12   -12    12  0.26 -0.26 -0.13  0.13 -0.13  0.13 -0.0932 0.0466 0.0466 
 77.1    24   -24   -12    12   -12    12 0.334 -0.334 -0.167 0.167 -0.167 0.167 -0.176 0.0878 0.0878 
 77.5    24   -24   -12    12   -12    12 0.407 -0.408 -0.204 0.204 -0.204 0.204 -0.285 0.143 0.143 
   78    24   -24   -12    12   -12    12 0.481 -0.481 -0.24 0.241 -0.24 0.241 -0.422 0.211 0.211 
 78.4    24   -24   -12    12   -12    12 0.554 -0.555 -0.277 0.277 -0.277 0.277 -0.585 0.292 0.292 
 78.9    24   -24   -12    12   -12    12 0.627 -0.628 -0.314 0.314 -0.314 0.314 -0.774 0.387 0.387 
 79.3    24   -24   -12    12   -12    12   0.7 -0.701 -0.35 0.351 -0.35 0.351 -0.99 0.495 0.495 
 79.8    24   -24   -12    12   -12    12 0.773 -0.775 -0.387 0.387 -0.387 0.387 -1.23 0.616 0.616 
 80.2    24   -24   -12    12   -12    12 0.846 -0.848 -0.423 0.424 -0.423 0.424  -1.5 0.749 0.749 
 80.7    24   -24   -12    12   -12    12 0.919 -0.92 -0.459  0.46 -0.459  0.46 -1.79 0.896 0.896 
 81.1    24   -24   -12    12   -12    12 0.991 -0.993 -0.495 0.497 -0.495 0.497 -2.11  1.05  1.05 
 81.6    24   -24   -12    12   -12    12  1.06 -1.07 -0.532 0.533 -0.532 0.533 -2.45  1.23  1.23 
   82    24   -24   -12    12   -12    12  1.14 -1.14 -0.568 0.569 -0.568 0.569 -2.82  1.41  1.41 
 82.5    24   -24   -12    12   -12    12  1.21 -1.21 -0.604 0.605 -0.604 0.605 -3.21  1.61  1.61 
 82.9    24   -24   -12    12   -12    12  1.28 -1.28 -0.64 0.641 -0.64 0.641 -3.63  1.82  1.82 
 83.4    24   -24   -12    12   -12    12  1.35 -1.35 -0.675 0.677 -0.675 0.677 -4.07  2.04  2.04 
 83.8    24   -24   -12    12   -12    12  1.42 -1.43 -0.711 0.713 -0.711 0.713 -4.54  2.27  2.27 
 84.3    24   -24   -12    12   -12    12  1.49  -1.5 -0.747 0.749 -0.747 0.749 -5.03  2.52  2.52 
 84.7    24   -24   -12    12   -12    12  1.56 -1.57 -0.782 0.785 -0.782 0.785 -5.54  2.77  2.77 
 85.2    24   -24   -12    12   -12    12  1.64 -1.64 -0.818 0.821 -0.818 0.821 -6.08  3.04  3.04 
 85.6    24   -24   -12    12   -12    12  1.71 -1.71 -0.853 0.857 -0.853 0.857 -6.64  3.32  3.32 
 86.1    24   -24   -12    12   -12    12  1.78 -1.78 -0.889 0.892 -0.889 0.892 -7.23  3.61  3.61 
 86.5    24   -24   -12    12   -12    12  1.85 -1.86 -0.924 0.928 -0.924 0.928 -7.83  3.92  3.92 
   87    24   -24   -12    12   -12    12  1.92 -1.93 -0.959 0.963 -0.959 0.963 -8.46  4.23  4.23 
 87.4    24   -24   -12    12   -12    12  1.99    -2 -0.994 0.999 -0.994 0.999 -9.11  4.56  4.56 
 87.9    24   -24   -12    12   -12    12  2.06 -2.07 -1.03  1.03 -1.03  1.03 -9.79  4.89  4.89 
 88.3    24   -24   -12    12   -12    12  2.13 -2.14 -1.06  1.07 -1.06  1.07 -10.5  5.24  5.24 
 88.8    24   -24   -12    12   -12    12   2.2 -2.21  -1.1   1.1  -1.1   1.1 -11.2   5.6   5.6 
 89.2    24   -24   -12    12   -12    12  2.27 -2.28 -1.13  1.14 -1.13  1.14 -11.9  5.97  5.97 
 89.7    24   -24   -12    12   -12    12  2.34 -2.35 -1.17  1.17 -1.17  1.17 -12.7  6.35  6.35 
 90.1    24   -24   -12    12   -12    12  2.41 -2.42  -1.2  1.21  -1.2  1.21 -13.5  6.74  6.74 
 90.6    24   -24   -12    12   -12    12  2.48 -2.49 -1.24  1.25 -1.24  1.25 -14.3  7.15  7.15 
   91    24   -24   -12    12   -12    12  2.54 -2.56 -1.27  1.28 -1.27  1.28 -15.1  7.56  7.56 
 91.5    24   -24   -12    12   -12    12  2.61 -2.63 -1.31  1.31 -1.31  1.31   -16  7.98  7.98 
 91.9    24   -24   -12    12   -12    12  2.68  -2.7 -1.34  1.35 -1.34  1.35 -16.8  8.41  8.41 
 92.4    24   -24   -12    12   -12    12  2.75 -2.77 -1.38  1.38 -1.38  1.38 -17.7  8.86  8.86 
 92.8    24   -24   -12    12   -12    12  2.82 -2.84 -1.41  1.42 -1.41  1.42 -18.6  9.31  9.31 
 93.3    24   -24   -12    12   -12    12  2.89 -2.91 -1.44  1.45 -1.44  1.45 -19.6  9.78  9.78 
 93.7    24   -24   -12    12   -12    12  2.96 -2.98 -1.48  1.49 -1.48  1.49 -20.5  10.2  10.2 
 94.2    24   -24   -12    12   -12    12  3.02 -3.05 -1.51  1.52 -1.51  1.52 -21.5  10.7  10.7 
 94.6    24   -24   -12    12   -12    12  3.09 -3.11 -1.55  1.56 -1.55  1.56 -22.5  11.2  11.2 
 95.1    24   -24   -12    12   -12    12  3.16 -3.18 -1.58  1.59 -1.58  1.59 -23.5  11.7  11.7 
 95.5    24   -24   -12    12   -12    12  3.23 -3.25 -1.61  1.63 -1.61  1.63 -24.5  12.2  12.2 
   96    24   -24   -12    12   -12    12  3.29 -3.32 -1.65  1.66 -1.65  1.66 -25.5  12.8  12.8 
 96.4    24   -24   -12    12   -12    12  3.36 -3.39 -1.68  1.69 -1.68  1.69 -26.6  13.3  13.3 
 96.9    24   -24   -12    12   -12    12  3.43 -3.46 -1.71  1.73 -1.71  1.73 -27.7  13.8  13.8 
 97.3    24   -24   -12    12   -12    12   3.5 -3.52 -1.75  1.76 -1.75  1.76 -28.8  14.4  14.4 
 97.8    24   -24   -12    12   -12    12  3.56 -3.59 -1.78   1.8 -1.78   1.8 -29.9  14.9  14.9 
 98.2    24   -24   -12    12   -12    12  3.63 -3.66 -1.81  1.83 -1.81  1.83   -31  15.5  15.5 
 98.7    24   -24   -12    12   -12    12   3.7 -3.73 -1.85  1.86 -1.85  1.86 -32.2  16.1  16.1 
 99.1    24   -24   -12    12   -12    12  3.76  -3.8 -1.88   1.9 -1.88   1.9 -33.4  16.7  16.7 
 99.6    24   -24   -12    12   -12    12  3.83 -3.86 -1.91  1.93 -1.91  1.93 -34.6  17.3  17.3 
  100    24   -24   -12    12   -12    12  3.89 -3.93 -1.95  1.97 -1.95  1.97 -35.8  17.9  17.9 
  100    24   -24   -12    12   -12    12  3.96    -4 -1.98     2 -1.98     2   -37  18.5  18.5 
  101    24   -24   -12    12   -12    12  4.03 -4.06 -2.01  2.03 -2.01  2.03 -38.2  19.1  19.1 
  101    24   -24   -12    12   -12    12  4.09 -4.13 -2.05  2.07 -2.05  2.07 -39.5  19.7  19.7 
  102    24   -24   -12    12   -12    12  4.16  -4.2 -2.08   2.1 -2.08   2.1 -40.8  20.4  20.4 
  102    24   -24   -12    12   -12    12  4.22 -4.27 -2.11  2.13 -2.11  2.13 -42.1    21    21 
  103    24   -24   -12    12   -12    12  4.29 -4.33 -2.14  2.17 -2.14  2.17 -43.4  21.7  21.7 
  103    24   -24   -12    12   -12    12  4.35  -4.4 -2.18   2.2 -2.18   2.2 -44.7  22.4  22.4 
  104    24   -24   -12    12   -12    12  4.42 -4.46 -2.21  2.23 -2.21  2.23   -46    23    23 
  104    24   -24   -12    12   -12    12  4.48 -4.53 -2.24  2.27 -2.24  2.27 -47.4  23.7  23.7 
  105    24   -24   -12    12   -12    12  4.55  -4.6 -2.27   2.3 -2.27   2.3 -48.8  24.4  24.4 
  105    24   -24   -12    12   -12    12  4.61 -4.66 -2.31  2.33 -2.31  2.33 -50.2  25.1  25.1 
  105    24   -24   -12    12   -12    12  4.68 -4.73 -2.34  2.36 -2.34  2.36 -51.6  25.8  25.8 
  106    24   -24   -12    12   -12    12  4.74 -4.79 -2.37   2.4 -2.37   2.4   -53  26.5  26.5 
  106    24   -24   -12    12   -12    12  4.81 -4.86  -2.4  2.43  -2.4  2.43 -54.4  27.2  27.2 
  107    24   -24   -12    12   -12    12  4.87 -4.93 -2.43  2.46 -2.43  2.46 -55.9  27.9  27.9 
  107    24   -24   -12    12   -12    12  4.93 -4.99 -2.47   2.5 -2.47   2.5 -57.4  28.7  28.7 
  108    24   -24   -12    12   -12    12     5 -5.06  -2.5  2.53  -2.5  2.53 -58.8  29.4  29.4 
  108    24   -24   -12    12   -12    12  5.06 -5.12 -2.53  2.56 -2.53  2.56 -60.3  30.2  30.2 
  109    24   -24   -12    12   -12    12  5.12 -5.19 -2.56  2.59 -2.56  2.59 -61.8  30.9  30.9 
  109    24   -24   -12    12   -12    12  5.19 -5.25 -2.59  2.63 -2.59  2.63 -63.4  31.7  31.7 
  109    24   -24   -12    12   -12    12  5.25 -5.32 -2.63  2.66 -2.63  2.66 -64.9  32.5  32.5 
  110    24   -24   -12    12   -12    12  5.31 -5.38 -2.66  2.69 -2.66  2.69 -66.5  33.2  33.2 
  110    24   -24   -12    12   -12    12  5.38 -5.45 -2.69  2.72 -2.69  2.72   -68    34    34 
  111    24   -24   -12    12   -12    12  5.44 -5.51 -2.72  2.75 -2.72  2.75 -69.6  34.8  34.8 
  111    24   -24   -12    12   -12    12   5.5 -5.57 -2.75  2.79 -2.75  2.79 -71.2  35.6  35.6 
  112    24   -24   -12    12   -12    12  5.57 -5.64 -2.78  2.82 -2.78  2.82 -72.8  36.4  36.4 
  112    24   -24   -12    12   -12    12  5.63  -5.7 -2.81  2.85 -2.81  2.85 -74.4  37.2  37.2 
  113    24   -24   -12    12   -12    12  5.69 -5.77 -2.84  2.88 -2.84  2.88 -76.1    38    38 
  113    24   -24   -12    12   -12    12  5.75 -5.83 -2.88  2.91 -2.88  2.91 -77.7  38.9  38.9 
  114    24   -24   -12    12   -12    12  5.81 -5.89 -2.91  2.95 -2.91  2.95 -79.4  39.7  39.7 
  114    24   -24   -12    12   -12    12  5.88 -5.96 -2.94  2.98 -2.94  2.98 -81.1  40.5  40.5 
  114    24   -24   -12    12   -12    12  5.94 -6.02 -2.97  3.01 -2.97  3.01 -82.8  41.4  41.4 
  115    24   -24   -12    12   -12    12     6 -6.08    -3  3.04    -3  3.04 -84.5  42.2  42.2 
  115    24   -24   -12    12   -12    12  6.06 -6.15 -3.03  3.07 -3.03  3.07 -86.2  43.1  43.1 
  116    24   -24   -12    12   -12    12  6.12 -6.21 -3.06   3.1 -3.06   3.1 -87.9    44    44 
  116    24   -24   -12    12   -12    12  6.18 -6.27 -3.09  3.14 -3.09  3.14 -89.6  44.8  44.8 
  117    24   -24   -12    12   -12    12  6.24 -6.34 -3.12  3.17 -3.12  3.17 -91.4  45.7  45.7 
  117    24   -24   -12    12   -12    12  6.31  -6.4 -3.15   3.2 -3.15   3.2 -93.2  46.6  46.6 
  118    24   -24   -12    12   -12    12  6.37 -6.46 -3.18  3.23 -3.18  3.23 -94.9  47.5  47.5 
  118    24   -24   -12    12   -12    12  6.43 -6.52 -3.21  3.26 -3.21  3.26 -96.7  48.4  48.4 
  118    24   -24   -12    12   -12    12  6.49 -6.59 -3.24  3.29 -3.24  3.29 -98.5  49.3  49.3 
  119    24   -24   -12    12   -12    12  6.55 -6.65 -3.27  3.32 -3.27  3.32  -100  50.2  50.2 
  119    24   -24   -12    12   -12    12  6.61 -6.71  -3.3  3.36  -3.3  3.36  -102  51.1  51.1 
  120    24   -24   -12    12   -12    12  6.67 -6.77 -3.33  3.39 -3.33  3.39  -104    52    52 
  120    24   -24   -12    12   -12    12  6.73 -6.83 -3.36  3.42 -3.36  3.42  -106  52.9  52.9 
  121    24   -24   -12    12   -12    12  6.79  -6.9 -3.39  3.45 -3.39  3.45  -108  53.8  53.8 
  121    24   -24   -12    12   -12    12  6.85 -6.96 -3.42  3.48 -3.42  3.48  -110  54.8  54.8 
  122    24   -24   -12    12   -12    12  6.91 -7.02 -3.45  3.51 -3.45  3.51  -111  55.7  55.7 
  122    24   -24   -12    12   -12    12  6.97 -7.08 -3.48  3.54 -3.48  3.54  -113  56.6  56.6 
  123    24   -24   -12    12   -12    12  7.03 -7.14 -3.51  3.57 -3.51  3.57  -115  57.6  57.6 
  123    24   -24   -12    12   -12    12  7.09  -7.2 -3.54   3.6 -3.54   3.6  -117  58.5  58.5 
  123    24   -24   -12    12   -12    12  7.15 -7.26 -3.57  3.63 -3.57  3.63  -119  59.5  59.5 
  124    24   -24   -12    12   -12    12   7.2 -7.33  -3.6  3.66  -3.6  3.66  -121  60.5  60.5 
  124    24   -24   -12    12   -12    12  7.26 -7.39 -3.63  3.69 -3.63  3.69  -123  61.4  61.4 
  125    24   -24   -12    12   -12    12  7.32 -7.45 -3.66  3.72 -3.66  3.72  -125  62.4  62.4 
  125    24   -24   -12    12   -12    12  7.38 -7.51 -3.69  3.75 -3.69  3.75  -127  63.4  63.4 
  126    24   -24   -12    12   -12    12  7.44 -7.57 -3.72  3.78 -3.72  3.78  -129  64.4  64.4 
  126    24   -24   -12    12   -12    12   7.5 -7.63 -3.75  3.81 -3.75  3.81  -131  65.3  65.3 
  127    24   -24   -12    12   -12    12  7.56 -7.69 -3.78  3.84 -3.78  3.84  -133  66.3  66.3 
  127    24   -24   -12    12   -12    12  7.61 -7.75 -3.81  3.87 -3.81  3.87  -135  67.3  67.3 
  127    24   -24   -12    12   -12    12  7.67 -7.81 -3.84   3.9 -3.84   3.9  -137  68.3  68.3 
  128    24   -24   -12    12   -12    12  7.73 -7.87 -3.87  3.93 -3.87  3.93  -139  69.3  69.3 
  128    24   -24   -12    12   -12    12  7.79 -7.93 -3.89  3.96 -3.89  3.96  -141  70.4  70.4 
  129    24   -24   -12    12   -12    12  7.85 -7.99 -3.92  3.99 -3.92  3.99  -143  71.4  71.4 
  129    24   -24   -12    12   -12    12   7.9 -8.05 -3.95  4.02 -3.95  4.02  -145  72.4  72.4 
  130    24   -24   -12    12   -12    12  7.96 -8.11 -3.98  4.05 -3.98  4.05  -147  73.4  73.4 
  130    24   -24   -12    12   -12    12  8.02 -8.17 -4.01  4.08 -4.01  4.08  -149  74.4  74.4 
  131    24   -24   -12    12   -12    12  8.08 -8.23 -4.04  4.11 -4.04  4.11  -151  75.5  75.5 
  131    24   -24   -12    12   -12    12  8.13 -8.29 -4.07  4.14 -4.07  4.14  -153  76.5  76.5 
  132    24   -24   -12    12   -12    12  8.19 -8.34 -4.09  4.17 -4.09  4.17  -155  77.5  77.5 
  132    24   -24   -12    12   -12    12  8.25  -8.4 -4.12   4.2 -4.12   4.2  -157  78.6  78.6 
  132    24   -24   -12    12   -12    12   8.3 -8.46 -4.15  4.23 -4.15  4.23  -159  79.6  79.6 
  133    24   -24   -12    12   -12    12  8.36 -8.52 -4.18  4.26 -4.18  4.26  -161  80.7  80.7 
  133    24   -24   -12    12   -12    12  8.42 -8.58 -4.21  4.29 -4.21  4.29  -163  81.7  81.7 
  134    24   -24   -12    12   -12    12  8.47 -8.64 -4.24  4.32 -4.24  4.32  -166  82.8  82.8 
  134    24   -24   -12    12   -12    12  8.53  -8.7 -4.26  4.35 -4.26  4.35  -168  83.9  83.9 
  135    24   -24   -12    12   -12    12  8.59 -8.76 -4.29  4.38 -4.29  4.38  -170  84.9  84.9 
  135    24   -24   -12    12   -12    12  8.64 -8.81 -4.32  4.41 -4.32  4.41  -172    86    86 
  136    24   -24   -12    12   -12    12   8.7 -8.87 -4.35  4.44 -4.35  4.44  -174  87.1  87.1 
  136    24   -24   -12    12   -12    12  8.75 -8.93 -4.38  4.46 -4.38  4.46  -176  88.1  88.1 
  136    24   -24   -12    12   -12    12  8.81 -8.99  -4.4  4.49  -4.4  4.49  -178  89.2  89.2 
  137    24   -24   -12    12   -12    12  8.86 -9.05 -4.43  4.52 -4.43  4.52  -181  90.3  90.3 
  137    24   -24   -12    12   -12    12  8.92  -9.1 -4.46  4.55 -4.46  4.55  -183  91.4  91.4 
  138    24   -24   -12    12   -12    12  8.98 -9.16 -4.49  4.58 -4.49  4.58  -185  92.5  92.5 
  138    24   -24   -12    12   -12    12  9.03 -9.22 -4.52  4.61 -4.52  4.61  -187  93.6  93.6 
  139    24   -24   -12    12   -12    12  9.09 -9.27 -4.54  4.64 -4.54  4.64  -189  94.7  94.7 
  139    24   -24   -12    12   -12    12  9.14 -9.33 -4.57  4.67 -4.57  4.67  -192  95.8  95.8 
  140    24   -24   -12    12   -12    12   9.2 -9.39  -4.6  4.69  -4.6  4.69  -194  96.9  96.9 
  140    24   -24   -12    12   -12    12  9.25 -9.45 -4.63  4.72 -4.63  4.72  -196    98    98 
  141    24   -24   -12    12   -12    12   9.3  -9.5 -4.65  4.75 -4.65  4.75  -198  99.1  99.1 
  141    24   -24   -12    12   -12    12  9.36 -9.56 -4.68  4.78 -4.68  4.78  -200   100   100 
  141    24   -24   -12    12   -12    12  9.41 -9.62 -4.71  4.81 -4.71  4.81  -203   101   101 
  142    24   -24   -12    12   -12    12  9.47 -9.67 -4.73  4.84 -4.73  4.84  -205   102   102 
  142    24   -24   -12    12   -12    12  9.52 -9.73 -4.76  4.86 -4.76  4.86  -207   104   104 
  143    24   -24   -12    12   -12    12  9.58 -9.79 -4.79  4.89 -4.79  4.89  -209   105   105 
  143    24   -24   -12    12   -12    12  9.63 -9.84 -4.82  4.92 -4.82  4.92  -212   106   106 
  144    24   -24   -12    12   -12    12  9.68  -9.9 -4.84  4.95 -4.84  4.95  -214   107   107 
  144    24   -24   -12    12   -12    12  9.74 -9.95 -4.87  4.98 -4.87  4.98  -216   108   108 
  145    24   -24   -12    12   -12    12  9.79   -10  -4.9     5  -4.9     5  -218   109   109 
  145    24   -24   -12    12   -12    12  9.84 -10.1 -4.92  5.03 -4.92  5.03  -221   110   110 
  145    24   -24   -12    12   -12    12   9.9 -10.1 -4.95  5.06 -4.95  5.06  -223   111   111 
  146    24   -24   -12    12   -12    12  9.95 -10.2 -4.98  5.09 -4.98  5.09  -225   113   113 
  146    24   -24   -12    12   -12    12    10 -10.2    -5  5.12    -5  5.12  -228   114   114 
  147    24   -24   -12    12   -12    12  10.1 -10.3 -5.03  5.14 -5.03  5.14  -230   115   115 
  147    24   -24   -12    12   -12    12  10.1 -10.3 -5.06  5.17 -5.06  5.17  -232   116   116 
  148    24   -24   -12    12   -12    12  10.2 -10.4 -5.08   5.2 -5.08   5.2  -234   117   117 
  148    24   -24   -12    12   -12    12  10.2 -10.5 -5.11  5.23 -5.11  5.23  -237   118   118 
  149    24   -24   -12    12   -12    12  10.3 -10.5 -5.13  5.25 -5.13  5.25  -239   120   120 
  149    24   -24   -12    12   -12    12  10.3 -10.6 -5.16  5.28 -5.16  5.28  -241   121   121 
  150    24   -24   -12    12   -12    12  10.4 -10.6 -5.19  5.31 -5.19  5.31  -244   122   122 
  150    24   -24   -12    12   -12    12  10.4 -10.7 -5.21  5.34 -5.21  5.34  -246   123   123 
  150   -24    24    12   -12    12   -12  10.4 -10.7  -5.2  5.33  -5.2  5.33  -244   122   122 
  151   -24    24    12   -12    12   -12  10.3 -10.6 -5.16  5.28 -5.16  5.28  -239   119   119 
  151   -24    24    12   -12    12   -12  10.2 -10.5 -5.11  5.23 -5.11  5.23  -233   117   117 
  152   -24    24    12   -12    12   -12  10.1 -10.4 -5.06  5.18 -5.06  5.18  -228   114   114 
  152   -24    24    12   -12    12   -12    10 -10.3 -5.02  5.13 -5.02  5.13  -223   111   111 
  153   -24    24    12   -12    12   -12  9.94 -10.2 -4.97  5.08 -4.97  5.08  -217   109   109 
  153   -24    24    12   -12    12   -12  9.85 -10.1 -4.93  5.03 -4.93  5.03  -212   106   106 
  154   -24    24    12   -12    12   -12  9.76 -9.97 -4.88  4.98 -4.88  4.98  -207   103   103 
  154   -24    24    12   -12    12   -12  9.67 -9.87 -4.83  4.93 -4.83  4.93  -202   101   101 
  154   -24    24    12   -12    12   -12  9.58 -9.77 -4.79  4.89 -4.79  4.89  -197  98.3  98.3 
  155   -24    24    12   -12    12   -12  9.49 -9.68 -4.74  4.84 -4.74  4.84  -192  95.9  95.9 
  155   -24    24    12   -12    12   -12  9.39 -9.58  -4.7  4.79  -4.7  4.79  -187  93.4  93.4 
  156   -24    24    12   -12    12   -12   9.3 -9.49 -4.65  4.74 -4.65  4.74  -182    91    91 
  156   -24    24    12   -12    12   -12  9.21 -9.39 -4.61  4.69 -4.61  4.69  -177  88.6  88.6 
  157   -24    24    12   -12    12   -12  9.12 -9.29 -4.56  4.65 -4.56  4.65  -172  86.2  86.2 
  157   -24    24    12   -12    12   -12  9.03  -9.2 -4.52   4.6 -4.52   4.6  -168  83.9  83.9 
  158   -24    24    12   -12    12   -12  8.94  -9.1 -4.47  4.55 -4.47  4.55  -163  81.6  81.6 
  158   -24    24    12   -12    12   -12  8.85 -9.01 -4.43   4.5 -4.43   4.5  -159  79.3  79.3 
  159   -24    24    12   -12    12   -12  8.76 -8.91 -4.38  4.46 -4.38  4.46  -154  77.1  77.1 
  159   -24    24    12   -12    12   -12  8.67 -8.82 -4.34  4.41 -4.34  4.41  -150  74.9  74.9 
  159   -24    24    12   -12    12   -12  8.58 -8.73 -4.29  4.36 -4.29  4.36  -145  72.7  72.7 
  160   -24    24    12   -12    12   -12  8.49 -8.63 -4.25  4.32 -4.25  4.32  -141  70.5  70.5 
  160   -24    24    12   -12    12   -12   8.4 -8.54  -4.2  4.27  -4.2  4.27  -137  68.4  68.4 
  161   -24    24    12   -12    12   -12  8.31 -8.44 -4.16  4.22 -4.16  4.22  -133  66.3  66.3 
  161   -24    24    12   -12    12   -12  8.22 -8.35 -4.11  4.18 -4.11  4.18  -129  64.3  64.3 
  162   -24    24    12   -12    12   -12  8.13 -8.26 -4.07  4.13 -4.07  4.13  -124  62.2  62.2 
  162   -24    24    12   -12    12   -12  8.05 -8.17 -4.02  4.08 -4.02  4.08  -120  60.2  60.2 
  163   -24    24    12   -12    12   -12  7.96 -8.07 -3.98  4.04 -3.98  4.04  -116  58.2  58.2 
  163   -24    24    12   -12    12   -12  7.87 -7.98 -3.93  3.99 -3.93  3.99  -113  56.3  56.3 
  163   -24    24    12   -12    12   -12  7.78 -7.89 -3.89  3.94 -3.89  3.94  -109  54.4  54.4 
  164   -24    24    12   -12    12   -12  7.69  -7.8 -3.85   3.9 -3.85   3.9  -105  52.5  52.5 
  164   -24    24    12   -12    12   -12   7.6  -7.7  -3.8  3.85  -3.8  3.85  -101  50.6  50.6 
  165   -24    24    12   -12    12   -12  7.52 -7.61 -3.76  3.81 -3.76  3.81 -97.6  48.8  48.8 
  165   -24    24    12   -12    12   -12  7.43 -7.52 -3.71  3.76 -3.71  3.76 -93.9    47    47 
  166   -24    24    12   -12    12   -12  7.34 -7.43 -3.67  3.72 -3.67  3.72 -90.4  45.2  45.2 
  166   -24    24    12   -12    12   -12  7.25 -7.34 -3.63  3.67 -3.63  3.67 -86.9  43.4  43.4 
  167   -24    24    12   -12    12   -12  7.17 -7.25 -3.58  3.62 -3.58  3.62 -83.4  41.7  41.7 
  167   -24    24    12   -12    12   -12  7.08 -7.16 -3.54  3.58 -3.54  3.58   -80    40    40 
  168   -24    24    12   -12    12   -12  6.99 -7.07  -3.5  3.53  -3.5  3.53 -76.7  38.3  38.3 
  168   -24    24    12   -12    12   -12   6.9 -6.98 -3.45  3.49 -3.45  3.49 -73.4  36.7  36.7 
  168   -24    24    12   -12    12   -12  6.82 -6.89 -3.41  3.44 -3.41  3.44 -70.1  35.1  35.1 
  169   -24    24    12   -12    12   -12  6.73  -6.8 -3.37   3.4 -3.37   3.4 -66.9  33.5  33.5 
  169   -24    24    12   -12    12   -12  6.64 -6.71 -3.32  3.35 -3.32  3.35 -63.8  31.9  31.9 
  170   -24    24    12   -12    12   -12  6.56 -6.62 -3.28  3.31 -3.28  3.31 -60.7  30.3  30.3 
  170   -24    24    12   -12    12   -12  6.47 -6.53 -3.24  3.26 -3.24  3.26 -57.6  28.8  28.8 
  171   -24    24    12   -12    12   -12  6.39 -6.44 -3.19  3.22 -3.19  3.22 -54.7  27.3  27.3 
  171   -24    24    12   -12    12   -12   6.3 -6.35 -3.15  3.18 -3.15  3.18 -51.7  25.9  25.9 
  172   -24    24    12   -12    12   -12  6.21 -6.26 -3.11  3.13 -3.11  3.13 -48.8  24.4  24.4 
  172   -24    24    12   -12    12   -12  6.13 -6.18 -3.06  3.09 -3.06  3.09   -46    23    23 
  172   -24    24    12   -12    12   -12  6.04 -6.09 -3.02  3.04 -3.02  3.04 -43.2  21.6  21.6 
  173   -24    24    12   -12    12   -12  5.96    -6 -2.98     3 -2.98     3 -40.5  20.2  20.2 
  173   -24    24    12   -12    12   -12  5.87 -5.91 -2.94  2.96 -2.94  2.96 -37.8  18.9  18.9 
  174   -24    24    12   -12    12   -12  5.79 -5.82 -2.89  2.91 -2.89  2.91 -35.1  17.6  17.6 
  174   -24    24    12   -12    12   -12   5.7 -5.74 -2.85  2.87 -2.85  2.87 -32.5  16.3  16.3 
  175   -24    24    12   -12    12   -12  5.62 -5.65 -2.81  2.82 -2.81  2.82   -30    15    15 
  175   -24    24    12   -12    12   -12  5.53 -5.56 -2.77  2.78 -2.77  2.78 -27.5  13.7  13.7 
  176   -24    24    12   -12    12   -12  5.45 -5.48 -2.73  2.74 -2.73  2.74   -25  12.5  12.5 
  176   -24    24    12   -12    12   -12  5.37 -5.39 -2.68  2.69 -2.68  2.69 -22.6  11.3  11.3 
  177   -24    24    12   -12    12   -12  5.28  -5.3 -2.64  2.65 -2.64  2.65 -20.2  10.1  10.1 
  177   -24    24    12   -12    12   -12   5.2 -5.22  -2.6  2.61  -2.6  2.61 -17.9  8.96  8.96 
  177   -24    24    12   -12    12   -12  5.11 -5.13 -2.56  2.57 -2.56  2.57 -15.6  7.82  7.82 
  178   -24    24    12   -12    12   -12  5.03 -5.04 -2.52  2.52 -2.52  2.52 -13.4  6.71  6.71 
  178   -24    24    12   -12    12   -12  4.95 -4.96 -2.47  2.48 -2.47  2.48 -11.2  5.61  5.61 
  179   -24    24    12   -12    12   -12  4.86 -4.87 -2.43  2.44 -2.43  2.44 -9.09  4.55  4.55 
  179   -24    24    12   -12    12   -12  4.78 -4.79 -2.39  2.39 -2.39  2.39    -7   3.5   3.5 
  180   -24    24    12   -12    12   -12   4.7  -4.7 -2.35  2.35 -2.35  2.35 -4.95  2.47  2.47 
  180   -24    24    12   -12    12   -12  4.62 -4.62 -2.31  2.31 -2.31  2.31 -2.94  1.47  1.47 
  181   -24    24    12   -12    12   -12  4.53 -4.53 -2.27  2.27 -2.27  2.27 -0.975 0.488 0.488 
  181   -24    24    12   -12    12   -12  4.45 -4.45 -2.23  2.22 -2.23  2.22 0.945 -0.473 -0.473 
  181   -24    24    12   -12    12   -12  4.37 -4.37 -2.18  2.18 -2.18  2.18  2.82 -1.41 -1.41 
  182   -24    24    12   -12    12   -12  4.29 -4.28 -2.14  2.14 -2.14  2.14  4.66 -2.33 -2.33 
  182   -24    24    12   -12    12   -12   4.2  -4.2  -2.1   2.1  -2.1   2.1  6.45 -3.23 -3.23 
  183   -24    24    12   -12    12   -12  4.12 -4.11 -2.06  2.06 -2.06  2.06   8.2  -4.1  -4.1 
  183   -24    24    12   -12    12   -12  4.04 -4.03 -2.02  2.02 -2.02  2.02  9.91 -4.96 -4.96 
  184   -24    24    12   -12    12   -12  3.96 -3.95 -1.98  1.97 -1.98  1.97  11.6 -5.79 -5.79 
  184   -24    24    12   -12    12   -12  3.88 -3.86 -1.94  1.93 -1.94  1.93  13.2 -6.61 -6.61 
  185   -24    24    12   -12    12   -12   3.8 -3.78  -1.9  1.89  -1.9  1.89  14.8  -7.4  -7.4 
  185   -24    24    12   -12    12   -12  3.71  -3.7 -1.86  1.85 -1.86  1.85  16.3 -8.17 -8.17 
  186   -24    24    12   -12    12   -12  3.63 -3.62 -1.82  1.81 -1.82  1.81  17.9 -8.93 -8.93 
  186   -24    24    12   -12    12   -12  3.55 -3.53 -1.78  1.77 -1.78  1.77  19.3 -9.66 -9.66 
  186   -24    24    12   -12    12   -12  3.47 -3.45 -1.74  1.73 -1.74  1.73  20.7 -10.4 -10.4 
  187   -24    24    12   -12    12   -12  3.39 -3.37  -1.7  1.68  -1.7  1.68  22.1 -11.1 -11.1 
  187   -24    24    12   -12    12   -12  3.31 -3.29 -1.66  1.64 -1.66  1.64  23.5 -11.7 -11.7 
  188   -24    24    12   -12    12   -12  3.23 -3.21 -1.62   1.6 -1.62   1.6  24.8 -12.4 -12.4 
  188   -24    24    12   -12    12   -12  3.15 -3.12 -1.57  1.56 -1.57  1.56  26.1   -13   -13 
  189   -24    24    12   -12    12   -12  3.07 -3.04 -1.53  1.52 -1.53  1.52  27.3 -13.7 -13.7 
  189   -24    24    12   -12    12   -12  2.99 -2.96  -1.5  1.48  -1.5  1.48  28.5 -14.3 -14.3 
  190   -24    24    12   -12    12   -12  2.91 -2.88 -1.46  1.44 -1.46  1.44  29.7 -14.8 -14.8 
  190   -24    24    12   -12    12   -12  2.83  -2.8 -1.42   1.4 -1.42   1.4  30.8 -15.4 -15.4 
  190   -24    24    12   -12    12   -12  2.75 -2.72 -1.38  1.36 -1.38  1.36  31.9 -15.9 -15.9 
  191   -24    24    12   -12    12   -12  2.67 -2.64 -1.34  1.32 -1.34  1.32  32.9 -16.5 -16.5 
  191   -24    24    12   -12    12   -12  2.59 -2.56  -1.3  1.28  -1.3  1.28  33.9   -17   -17 
  192   -24    24    12   -12    12   -12  2.51 -2.48 -1.26  1.24 -1.26  1.24  34.9 -17.5 -17.5 
  192   -24    24    12   -12    12   -12  2.43  -2.4 -1.22   1.2 -1.22   1.2  35.9 -17.9 -17.9 
  193   -24    24    12   -12    12   -12  2.36 -2.32 -1.18  1.16 -1.18  1.16  36.8 -18.4 -18.4 
  193   -24    24    12   -12    12   -12  2.28 -2.24 -1.14  1.12 -1.14  1.12  37.6 -18.8 -18.8 
  194   -24    24    12   -12    12   -12   2.2 -2.16  -1.1  1.08  -1.1  1.08  38.5 -19.2 -19.2 
  194   -24    24    12   -12    12   -12  2.12 -2.08 -1.06  1.04 -1.06  1.04  39.3 -19.6 -19.6 
  195   -24    24    12   -12    12   -12  2.04    -2 -1.02     1 -1.02     1    40   -20   -20 
  195   -24    24    12   -12    12   -12  1.96 -1.92 -0.982 0.962 -0.982 0.962  40.8 -20.4 -20.4 
  195   -24    24    12   -12    12   -12  1.89 -1.84 -0.943 0.922 -0.943 0.922  41.5 -20.7 -20.7 
  196   -24    24    12   -12    12   -12  1.81 -1.77 -0.904 0.883 -0.904 0.883  42.1 -21.1 -21.1 
  196   -24    24    12   -12    12   -12  1.73 -1.69 -0.865 0.844 -0.865 0.844  42.8 -21.4 -21.4 
  197   -24    24    12   -12    12   -12  1.65 -1.61 -0.826 0.805 -0.826 0.805  43.4 -21.7 -21.7 
  197   -24    24    12   -12    12   -12  1.58 -1.53 -0.788 0.766 -0.788 0.766  43.9   -22   -22 
  198   -24    24    12   -12    12   -12   1.5 -1.45 -0.749 0.727 -0.749 0.727  44.5 -22.2 -22.2 
  198   -24    24    12   -12    12   -12  1.42 -1.38 -0.711 0.688 -0.711 0.688    45 -22.5 -22.5 
  199   -24    24    12   -12    12   -12  1.34  -1.3 -0.672 0.649 -0.672 0.649  45.4 -22.7 -22.7 
  199   -24    24    12   -12    12   -12  1.27 -1.22 -0.634 0.611 -0.634 0.611  45.9 -22.9 -22.9 
  199   -24    24    12   -12    12   -12  1.19 -1.14 -0.595 0.572 -0.595 0.572  46.3 -23.1 -23.1 
  200   -24    24    12   -12    12   -12  1.11 -1.07 -0.557 0.534 -0.557 0.534  46.6 -23.3 -23.3 
  200   -24    24    12   -12    12   -12  1.04 -0.991 -0.519 0.495 -0.519 0.495    47 -23.5 -23.5 
  201   -24    24    12   -12    12   -12 0.962 -0.914 -0.481 0.457 -0.481 0.457  47.3 -23.6 -23.6 
  201   -24    24    12   -12    12   -12 0.885 -0.838 -0.443 0.419 -0.443 0.419  47.6 -23.8 -23.8 
  202   -24    24    12   -12    12   -12 0.809 -0.762 -0.405 0.381 -0.405 0.381  47.8 -23.9 -23.9 
  202   -24    24    12   -12    12   -12 0.733 -0.685 -0.367 0.343 -0.367 0.343    48   -24   -24 
  203   -24    24    12   -12    12   -12 0.658 -0.61 -0.329 0.305 -0.329 0.305  48.2 -24.1 -24.1 
  203   -24    24    12   -12    12   -12 0.582 -0.534 -0.291 0.267 -0.291 0.267  48.4 -24.2 -24.2 
  204   -24    24    12   -12    12   -12 0.507 -0.458 -0.253 0.229 -0.253 0.229  48.5 -24.3 -24.3 
  204   -24    24    12   -12    12   -12 0.431 -0.383 -0.216 0.191 -0.216 0.191  48.6 -24.3 -24.3 
  204   -24    24    12   -12    12   -12 0.356 -0.308 -0.178 0.154 -0.178 0.154  48.7 -24.3 -24.3 
  205   -24    24    12   -12    12   -12 0.281 -0.232 -0.141 0.116 -0.141 0.116  48.7 -24.4 -24.4 
  205   -24    24    12   -12    12   -12 0.206 -0.158 -0.103 0.0788 -0.103 0.0788  48.7 -24.4 -24.4 
  206   -24    24    12   -12    12   -12 0.131 -0.0828 -0.0657 0.0414 -0.0657 0.0414  48.7 -24.4 -24.4 
  206   -24    24    12   -12    12   -12 0.0568 -0.00817 -0.0284 0.00409 -0.0284 0.00409  48.7 -24.3 -24.3 
  207   -24    24    12   -12    12   -12 -0.0177 0.0663 0.00883 -0.0331 0.00883 -0.0331  48.6 -24.3 -24.3 
  207   -24    24    12   -12    12   -12 -0.092 0.141 0.046 -0.0703 0.046 -0.0703  48.5 -24.3 -24.3 
  208   -24    24    12   -12    12   -12 -0.166 0.215 0.0831 -0.107 0.0831 -0.107  48.4 -24.2 -24.2 
  208   -24    24    12   -12    12   -12 -0.24 0.289  0.12 -0.144  0.12 -0.144  48.2 -24.1 -24.1 
  208   -24    24    12   -12    12   -12 -0.314 0.362 0.157 -0.181 0.157 -0.181    48   -24   -24 
  209   -24    24    12   -12    12   -12 -0.388 0.436 0.194 -0.218 0.194 -0.218  47.8 -23.9 -23.9 
  209   -24    24    12   -12    12   -12 -0.462 0.509 0.231 -0.255 0.231 -0.255  47.6 -23.8 -23.8 
  210   -24    24    12   -12    12   -12 -0.535 0.583 0.268 -0.291 0.268 -0.291  47.3 -23.7 -23.7 
  210   -24    24    12   -12    12   -12 -0.609 0.656 0.304 -0.328 0.304 -0.328  47.1 -23.5 -23.5 
  211   -24    24    12   -12    12   -12 -0.682 0.729 0.341 -0.364 0.341 -0.364  46.7 -23.4 -23.4 
  211   -24    24    12   -12    12   -12 -0.755 0.802 0.378 -0.401 0.378 -0.401  46.4 -23.2 -23.2 
  212   -24    24    12   -12    12   -12 -0.828 0.874 0.414 -0.437 0.414 -0.437    46   -23   -23 
  212   -24    24    12   -12    12   -12 -0.901 0.947 0.451 -0.473 0.451 -0.473  45.7 -22.8 -22.8 
  213   -24    24    12   -12    12   -12 -0.974  1.02 0.487 -0.51 0.487 -0.51  45.2 -22.6 -22.6 
  213   -24    24    12   -12    12   -12 -1.05  1.09 0.523 -0.546 0.523 -0.546  44.8 -22.4 -22.4 
  213   -24    24    12   -12    12   -12 -1.12  1.16  0.56 -0.582  0.56 -0.582  44.3 -22.2 -22.2 
  214   -24    24    12   -12    12   -12 -1.19  1.24 0.596 -0.618 0.596 -0.618  43.8 -21.9 -21.9 
  214   -24    24    12   -12    12   -12 -1.26  1.31 0.632 -0.654 0.632 -0.654  43.3 -21.7 -21.7 
  215   -24    24    12   -12    12   -12 -1.34  1.38 0.668 -0.689 0.668 -0.689  42.8 -21.4 -21.4 
  215   -24    24    12   -12    12   -12 -1.41  1.45 0.704 -0.725 0.704 -0.725  42.2 -21.1 -21.1 
  216   -24    24    12   -12    12   -12 -1.48  1.52  0.74 -0.761  0.74 -0.761  41.6 -20.8 -20.8 
  216   -24    24    12   -12    12   -12 -1.55  1.59 0.776 -0.796 0.776 -0.796    41 -20.5 -20.5 
  217   -24    24    12   -12    12   -12 -1.62  1.66 0.811 -0.832 0.811 -0.832  40.4 -20.2 -20.2 
  217   -24    24    12   -12    12   -12 -1.69  1.73 0.847 -0.867 0.847 -0.867  39.8 -19.9 -19.9 
  217   -24    24    12   -12    12   -12 -1.77   1.8 0.883 -0.902 0.883 -0.902  39.1 -19.5 -19.5 
  218   -24    24    12   -12    12   -12 -1.84  1.88 0.918 -0.938 0.918 -0.938  38.4 -19.2 -19.2 
  218   -24    24    12   -12    12   -12 -1.91  1.95 0.954 -0.973 0.954 -0.973  37.7 -18.8 -18.8 
  219   -24    24    12   -12    12   -12 -1.98  2.02 0.989 -1.01 0.989 -1.01  36.9 -18.5 -18.5 
  219   -24    24    12   -12    12   -12 -2.05  2.09  1.02 -1.04  1.02 -1.04  36.1 -18.1 -18.1 
  220   -24    24    12   -12    12   -12 -2.12  2.16  1.06 -1.08  1.06 -1.08  35.3 -17.7 -17.7 
  220   -24    24    12   -12    12   -12 -2.19  2.23   1.1 -1.11   1.1 -1.11  34.5 -17.3 -17.3 
  221   -24    24    12   -12    12   -12 -2.26  2.29  1.13 -1.15  1.13 -1.15  33.7 -16.9 -16.9 
  221   -24    24    12   -12    12   -12 -2.33  2.36  1.17 -1.18  1.17 -1.18  32.9 -16.4 -16.4 
  222   -24    24    12   -12    12   -12  -2.4  2.43   1.2 -1.22   1.2 -1.22    32   -16   -16 
  222   -24    24    12   -12    12   -12 -2.47   2.5  1.24 -1.25  1.24 -1.25  31.1 -15.5 -15.5 
  222   -24    24    12   -12    12   -12 -2.54  2.57  1.27 -1.29  1.27 -1.29  30.2 -15.1 -15.1 
  223   -24    24    12   -12    12   -12 -2.61  2.64  1.31 -1.32  1.31 -1.32  29.2 -14.6 -14.6 
  223   -24    24    12   -12    12   -12 -2.68  2.71  1.34 -1.35  1.34 -1.35  28.3 -14.1 -14.1 
  224   -24    24    12   -12    12   -12 -2.75  2.78  1.38 -1.39  1.38 -1.39  27.3 -13.6 -13.6 
  224   -24    24    12   -12    12   -12 -2.82  2.85  1.41 -1.42  1.41 -1.42  26.3 -13.1 -13.1 
  225   -24    24    12   -12    12   -12 -2.89  2.91  1.44 -1.46  1.44 -1.46  25.3 -12.6 -12.6 
  225   -24    24    12   -12    12   -12 -2.96  2.98  1.48 -1.49  1.48 -1.49  24.2 -12.1 -12.1 
  226   -24    24    12   -12    12   -12 -3.03  3.05  1.51 -1.53  1.51 -1.53  23.2 -11.6 -11.6 
  226   -24    24    12   -12    12   -12  -3.1  3.12  1.55 -1.56  1.55 -1.56  22.1   -11   -11 
  226   -24    24    12   -12    12   -12 -3.16  3.19  1.58 -1.59  1.58 -1.59    21 -10.5 -10.5 
  227   -24    24    12   -12    12   -12 -3.23  3.25  1.62 -1.63  1.62 -1.63  19.9 -9.94 -9.94 
  227   -24    24    12   -12    12   -12  -3.3  3.32  1.65 -1.66  1.65 -1.66  18.7 -9.37 -9.37 
  228   -24    24    12   -12    12   -12 -3.37  3.39  1.69 -1.69  1.69 -1.69  17.6  -8.8  -8.8 
  228   -24    24    12   -12    12   -12 -3.44  3.46  1.72 -1.73  1.72 -1.73  16.4 -8.21 -8.21 
  229   -24    24    12   -12    12   -12 -3.51  3.52  1.75 -1.76  1.75 -1.76  15.2 -7.62 -7.62 
  229   -24    24    12   -12    12   -12 -3.57  3.59  1.79 -1.79  1.79 -1.79    14 -7.01 -7.01 
  230   -24    24    12   -12    12   -12 -3.64  3.66  1.82 -1.83  1.82 -1.83  12.8  -6.4  -6.4 
  230   -24    24    12   -12    12   -12 -3.71  3.72  1.86 -1.86  1.86 -1.86  11.6 -5.78 -5.78 
  231   -24    24    12   -12    12   -12 -3.78  3.79  1.89 -1.89  1.89 -1.89  10.3 -5.15 -5.15 
  231   -24    24    12   -12    12   -12 -3.85  3.85  1.92 -1.93  1.92 -1.93  9.01 -4.51 -4.51 
  231   -24    24    12   -12    12   -12 -3.91  3.92  1.96 -1.96  1.96 -1.96  7.71 -3.86 -3.86 
  232   -24    24    12   -12    12   -12 -3.98  3.99  1.99 -1.99  1.99 -1.99   6.4  -3.2  -3.2 
  232   -24    24    12   -12    12   -12 -4.05  4.05  2.02 -2.03  2.02 -2.03  5.07 -2.53 -2.53 
  233   -24    24    12   -12    12   -12 -4.11  4.12  2.06 -2.06  2.06 -2.06  3.72 -1.86 -1.86 
  233   -24    24    12   -12    12   -12 -4.18  4.18  2.09 -2.09  2.09 -2.09  2.36 -1.18 -1.18 
  234   -24    24    12   -12    12   -12 -4.25  4.25  2.12 -2.12  2.12 -2.12 0.976 -0.488 -0.488 
  234   -24    24    12   -12    12   -12 -4.31  4.31  2.16 -2.16  2.16 -2.16 -0.422 0.211 0.211 
  235   -24    24    12   -12    12   -12 -4.38  4.38  2.19 -2.19  2.19 -2.19 -1.84 0.918 0.918 
  235   -24    24    12   -12    12   -12 -4.45  4.44  2.22 -2.22  2.22 -2.22 -3.27  1.63  1.63 
  235   -24    24    12   -12    12   -12 -4.51  4.51  2.26 -2.25  2.26 -2.25 -4.71  2.36  2.36 
  236   -24    24    12   -12    12   -12 -4.58  4.57  2.29 -2.29  2.29 -2.29 -6.17  3.09  3.09 
  236   -24    24    12   -12    12   -12 -4.65  4.64  2.32 -2.32  2.32 -2.32 -7.65  3.82  3.82 
  237   -24    24    12   -12    12   -12 -4.71   4.7  2.36 -2.35  2.36 -2.35 -9.14  4.57  4.57 
  237   -24    24    12   -12    12   -12 -4.78  4.77  2.39 -2.38  2.39 -2.38 -10.7  5.33  5.33 
  238   -24    24    12   -12    12   -12 -4.84  4.83  2.42 -2.42  2.42 -2.42 -12.2  6.09  6.09 
  238   -24    24    12   -12    12   -12 -4.91  4.89  2.45 -2.45  2.45 -2.45 -13.7  6.86  6.86 
  239   -24    24    12   -12    12   -12 -4.97  4.96  2.49 -2.48  2.49 -2.48 -15.3  7.63  7.63 
  239   -24    24    12   -12    12   -12 -5.04  5.02  2.52 -2.51  2.52 -2.51 -16.8  8.42  8.42 
  240   -24    24    12   -12    12   -12  -5.1  5.09  2.55 -2.54  2.55 -2.54 -18.4  9.21  9.21 
  240   -24    24    12   -12    12   -12 -5.17  5.15  2.58 -2.57  2.58 -2.57   -20    10    10 
  240   -24    24    12   -12    12   -12 -5.23  5.21  2.62 -2.61  2.62 -2.61 -21.6  10.8  10.8 
  241   -24    24    12   -12    12   -12  -5.3  5.28  2.65 -2.64  2.65 -2.64 -23.2  11.6  11.6 
  241   -24    24    12   -12    12   -12 -5.36  5.34  2.68 -2.67  2.68 -2.67 -24.9  12.4  12.4 
  242   -24    24    12   -12    12   -12 -5.43   5.4  2.71  -2.7  2.71  -2.7 -26.5  13.3  13.3 
  242   -24    24    12   -12    12   -12 -5.49  5.46  2.75 -2.73  2.75 -2.73 -28.2  14.1  14.1 
  243   -24    24    12   -12    12   -12 -5.56  5.53  2.78 -2.76  2.78 -2.76 -29.9  14.9  14.9 
  243   -24    24    12   -12    12   -12 -5.62  5.59  2.81 -2.79  2.81 -2.79 -31.6  15.8  15.8 
  244   -24    24    12   -12    12   -12 -5.69  5.65  2.84 -2.83  2.84 -2.83 -33.3  16.6  16.6 
  244   -24    24    12   -12    12   -12 -5.75  5.71  2.87 -2.86  2.87 -2.86   -35  17.5  17.5 
  244   -24    24    12   -12    12   -12 -5.81  5.78  2.91 -2.89  2.91 -2.89 -36.7  18.4  18.4 
  245   -24    24    12   -12    12   -12 -5.88  5.84  2.94 -2.92  2.94 -2.92 -38.5  19.2  19.2 
  245   -24    24    12   -12    12   -12 -5.94   5.9  2.97 -2.95  2.97 -2.95 -40.2  20.1  20.1 
  246   -24    24    12   -12    12   -12    -6  5.96     3 -2.98     3 -2.98   -42    21    21 
  246   -24    24    12   -12    12   -12 -6.07  6.02  3.03 -3.01  3.03 -3.01 -43.8  21.9  21.9 
  247   -24    24    12   -12    12   -12 -6.13  6.08  3.07 -3.04  3.07 -3.04 -45.6  22.8  22.8 
  247   -24    24    12   -12    12   -12 -6.19  6.15   3.1 -3.07   3.1 -3.07 -47.4  23.7  23.7 
  248   -24    24    12   -12    12   -12 -6.26  6.21  3.13  -3.1  3.13  -3.1 -49.2  24.6  24.6 
  248   -24    24    12   -12    12   -12 -6.32  6.27  3.16 -3.13  3.16 -3.13   -51  25.5  25.5 
  249   -24    24    12   -12    12   -12 -6.38  6.33  3.19 -3.16  3.19 -3.16 -52.9  26.4  26.4 
  249   -24    24    12   -12    12   -12 -6.44  6.39  3.22 -3.19  3.22 -3.19 -54.7  27.4  27.4 
  249   -24    24    12   -12    12   -12 -6.51  6.45  3.25 -3.23  3.25 -3.23 -56.6  28.3  28.3 
  250   -24    24    12   -12    12   -12 -6.57  6.51  3.28 -3.26  3.28 -3.26 -58.5  29.2  29.2 
  250   -24    24    12   -12    12   -12 -6.63  6.57  3.32 -3.29  3.32 -3.29 -60.4  30.2  30.2 
  251   -24    24    12   -12    12   -12 -6.69  6.63  3.35 -3.32  3.35 -3.32 -62.3  31.1  31.1 
  251   -24    24    12   -12    12   -12 -6.76  6.69  3.38 -3.35  3.38 -3.35 -64.2  32.1  32.1 
  252   -24    24    12   -12    12   -12 -6.82  6.75  3.41 -3.38  3.41 -3.38 -66.1  33.1  33.1 
  252   -24    24    12   -12    12   -12 -6.88  6.81  3.44 -3.41  3.44 -3.41   -68    34    34 
  253   -24    24    12   -12    12   -12 -6.94  6.87  3.47 -3.44  3.47 -3.44   -70    35    35 
  253   -24    24    12   -12    12   -12    -7  6.93   3.5 -3.47   3.5 -3.47 -71.9    36    36 
  253   -24    24    12   -12    12   -12 -7.06  6.99  3.53  -3.5  3.53  -3.5 -73.9    37    37 
  254   -24    24    12   -12    12   -12 -7.13  7.05  3.56 -3.53  3.56 -3.53 -75.9  37.9  37.9 
  254   -24    24    12   -12    12   -12 -7.19  7.11  3.59 -3.55  3.59 -3.55 -77.9  38.9  38.9 
  255   -24    24    12   -12    12   -12 -7.25  7.17  3.62 -3.58  3.62 -3.58 -79.9  39.9  39.9 
  255   -24    24    12   -12    12   -12 -7.31  7.23  3.65 -3.61  3.65 -3.61 -81.9  40.9  40.9 
  256   -24    24    12   -12    12   -12 -7.37  7.29  3.69 -3.64  3.69 -3.64 -83.9  41.9  41.9 
  256   -24    24    12   -12    12   -12 -7.43  7.35  3.72 -3.67  3.72 -3.67 -85.9    43    43 
  257   -24    24    12   -12    12   -12 -7.49   7.4  3.75  -3.7  3.75  -3.7 -87.9    44    44 
  257   -24    24    12   -12    12   -12 -7.55  7.46  3.78 -3.73  3.78 -3.73   -90    45    45 
  258   -24    24    12   -12    12   -12 -7.61  7.52  3.81 -3.76  3.81 -3.76   -92    46    46 
  258   -24    24    12   -12    12   -12 -7.67  7.58  3.84 -3.79  3.84 -3.79 -94.1    47    47 
  258   -24    24    12   -12    12   -12 -7.73  7.64  3.87 -3.82  3.87 -3.82 -96.2  48.1  48.1 
  259   -24    24    12   -12    12   -12 -7.79   7.7   3.9 -3.85   3.9 -3.85 -98.2  49.1  49.1 
  259   -24    24    12   -12    12   -12 -7.85  7.75  3.93 -3.88  3.93 -3.88  -100  50.2  50.2 
  260   -24    24    12   -12    12   -12 -7.91  7.81  3.96 -3.91  3.96 -3.91  -102  51.2  51.2 
  260   -24    24    12   -12    12   -12 -7.97  7.87  3.99 -3.93  3.99 -3.93  -105  52.3  52.3 
  261   -24    24    12   -12    12   -12 -8.03  7.93  4.02 -3.96  4.02 -3.96  -107  53.3  53.3 
  261   -24    24    12   -12    12   -12 -8.09  7.98  4.05 -3.99  4.05 -3.99  -109  54.4  54.4 
  262   -24    24    12   -12    12   -12 -8.15  8.04  4.08 -4.02  4.08 -4.02  -111  55.4  55.4 
  262   -24    24    12   -12    12   -12 -8.21   8.1  4.11 -4.05  4.11 -4.05  -113  56.5  56.5 
  262   -24    24    12   -12    12   -12 -8.27  8.16  4.14 -4.08  4.14 -4.08  -115  57.6  57.6 
  263   -24    24    12   -12    12   -12 -8.33  8.21  4.16 -4.11  4.16 -4.11  -117  58.7  58.7 
  263   -24    24    12   -12    12   -12 -8.39  8.27  4.19 -4.13  4.19 -4.13  -119  59.7  59.7 
  264   -24    24    12   -12    12   -12 -8.45  8.33  4.22 -4.16  4.22 -4.16  -122  60.8  60.8 
  264   -24    24    12   -12    12   -12 -8.51  8.38  4.25 -4.19  4.25 -4.19  -124  61.9  61.9 
  265   -24    24    12   -12    12   -12 -8.56  8.44  4.28 -4.22  4.28 -4.22  -126    63    63 
  265   -24    24    12   -12    12   -12 -8.62  8.49  4.31 -4.25  4.31 -4.25  -128  64.1  64.1 
  266   -24    24    12   -12    12   -12 -8.68  8.55  4.34 -4.28  4.34 -4.28  -130  65.2  65.2 
  266   -24    24    12   -12    12   -12 -8.74  8.61  4.37  -4.3  4.37  -4.3  -133  66.3  66.3 
  267   -24    24    12   -12    12   -12  -8.8  8.66   4.4 -4.33   4.4 -4.33  -135  67.4  67.4 
  267   -24    24    12   -12    12   -12 -8.86  8.72  4.43 -4.36  4.43 -4.36  -137  68.5  68.5 
  267   -24    24    12   -12    12   -12 -8.91  8.77  4.46 -4.39  4.46 -4.39  -139  69.6  69.6 
  268   -24    24    12   -12    12   -12 -8.97  8.83  4.49 -4.42  4.49 -4.42  -142  70.8  70.8 
  268   -24    24    12   -12    12   -12 -9.03  8.89  4.51 -4.44  4.51 -4.44  -144  71.9  71.9 
  269   -24    24    12   -12    12   -12 -9.09  8.94  4.54 -4.47  4.54 -4.47  -146    73    73 
  269   -24    24    12   -12    12   -12 -9.15     9  4.57  -4.5  4.57  -4.5  -148  74.1  74.1 
  270   -24    24    12   -12    12   -12  -9.2  9.05   4.6 -4.53   4.6 -4.53  -151  75.3  75.3 
  270   -24    24    12   -12    12   -12 -9.26  9.11  4.63 -4.55  4.63 -4.55  -153  76.4  76.4 
  271   -24    24    12   -12    12   -12 -9.32  9.16  4.66 -4.58  4.66 -4.58  -155  77.5  77.5 
  271   -24    24    12   -12    12   -12 -9.37  9.22  4.69 -4.61  4.69 -4.61  -157  78.7  78.7 
  271   -24    24    12   -12    12   -12 -9.43  9.27  4.72 -4.64  4.72 -4.64  -160  79.8  79.8 
  272   -24    24    12   -12    12   -12 -9.49  9.33  4.74 -4.66  4.74 -4.66  -162    81    81 
  272   -24    24    12   -12    12   -12 -9.54  9.38  4.77 -4.69  4.77 -4.69  -164  82.1  82.1 
  273   -24    24    12   -12    12   -12  -9.6  9.43   4.8 -4.72   4.8 -4.72  -167  83.3  83.3 
  273   -24    24    12   -12    12   -12 -9.66  9.49  4.83 -4.74  4.83 -4.74  -169  84.4  84.4 
  274   -24    24    12   -12    12   -12 -9.71  9.54  4.86 -4.77  4.86 -4.77  -171  85.6  85.6 
  274   -24    24    12   -12    12   -12 -9.77   9.6  4.89  -4.8  4.89  -4.8  -173  86.7  86.7 
  275   -24    24    12   -12    12   -12 -9.83  9.65  4.91 -4.83  4.91 -4.83  -176  87.9  87.9 
  275   -24    24    12   -12    12   -12 -9.88  9.71  4.94 -4.85  4.94 -4.85  -178  89.1  89.1 
  276   -24    24    12   -12    12   -12 -9.94  9.76  4.97 -4.88  4.97 -4.88  -180  90.2  90.2 
  276   -24    24    12   -12    12   -12   -10  9.81     5 -4.91     5 -4.91  -183  91.4  91.4 
  276   -24    24    12   -12    12   -12 -10.1  9.87  5.03 -4.93  5.03 -4.93  -185  92.6  92.6 
  277   -24    24    12   -12    12   -12 -10.1  9.92  5.05 -4.96  5.05 -4.96  -188  93.8  93.8 
  277   -24    24    12   -12    12   -12 -10.2  9.97  5.08 -4.99  5.08 -4.99  -190  94.9  94.9 
  278   -24    24    12   -12    12   -12 -10.2    10  5.11 -5.01  5.11 -5.01  -192  96.1  96.1 
  278   -24    24    12   -12    12   -12 -10.3  10.1  5.14 -5.04  5.14 -5.04  -195  97.3  97.3 
  279   -24    24    12   -12    12   -12 -10.3  10.1  5.16 -5.07  5.16 -5.07  -197  98.5  98.5 
  279   -24    24    12   -12    12   -12 -10.4  10.2  5.19 -5.09  5.19 -5.09  -199  99.7  99.7 
  280   -24    24    12   -12    12   -12 -10.4  10.2  5.22 -5.12  5.22 -5.12  -202   101   101 
  280   -24    24    12   -12    12   -12 -10.5  10.3  5.25 -5.14  5.25 -5.14  -204   102   102 
  280   -24    24    12   -12    12   -12 -10.5  10.3  5.27 -5.17  5.27 -5.17  -206   103   103 
  281   -24    24    12   -12    12   -12 -10.6  10.4   5.3  -5.2   5.3  -5.2  -209   104   104 
  281   -24    24    12   -12    12   -12 -10.7  10.4  5.33 -5.22  5.33 -5.22  -211   106   106 
  282   -24    24    12   -12    12   -12 -10.7  10.5  5.36 -5.25  5.36 -5.25  -214   107   107 
  282   -24    24    12   -12    12   -12 -10.8  10.6  5.38 -5.28  5.38 -5.28  -216   108   108 
  283   -24    24    12   -12    12   -12 -10.8  10.6  5.41  -5.3  5.41  -5.3  -218   109   109 
  283   -24    24    12   -12    12   -12 -10.9  10.7  5.44 -5.33  5.44 -5.33  -221   110   110 
  284   -24    24    12   -12    12   -12 -10.9  10.7  5.46 -5.35  5.46 -5.35  -223   112   112 
  284   -24    24    12   -12    12   -12   -11  10.8  5.49 -5.38  5.49 -5.38  -226   113   113 
  285   -24    24    12   -12    12   -12   -11  10.8  5.52  -5.4  5.52  -5.4  -228   114   114 
  285   -24    24    12   -12    12   -12 -11.1  10.9  5.55 -5.43  5.55 -5.43  -231   115   115 
  285   -24    24    12   -12    12   -12 -11.1  10.9  5.57 -5.46  5.57 -5.46  -233   116   116 
  286   -24    24    12   -12    12   -12 -11.2    11   5.6 -5.48   5.6 -5.48  -235   118   118 
  286   -24    24    12   -12    12   -12 -11.3    11  5.63 -5.51  5.63 -5.51  -238   119   119 
  287   -24    24    12   -12    12   -12 -11.3  11.1  5.65 -5.53  5.65 -5.53  -240   120   120 
  287   -24    24    12   -12    12   -12 -11.4  11.1  5.68 -5.56  5.68 -5.56  -243   121   121 
  288   -24    24    12   -12    12   -12 -11.4  11.2  5.71 -5.58  5.71 -5.58  -245   123   123 
  288   -24    24    12   -12    12   -12 -11.5  11.2  5.73 -5.61  5.73 -5.61  -248   124   124 
  289   -24    24    12   -12    12   -12 -11.5  11.3  5.76 -5.63  5.76 -5.63  -250   125   125 
  289   -24    24    12   -12    12   -12 -11.6  11.3  5.79 -5.66  5.79 -5.66  -253   126   126 
  289   -24    24    12   -12    12   -12 -11.6  11.4  5.81 -5.68  5.81 -5.68  -255   127   127 
  290   -24    24    12   -12    12   -12 -11.7  11.4  5.84 -5.71  5.84 -5.71  -257   129   129 
  290   -24    24    12   -12    12   -12 -11.7  11.5  5.86 -5.73  5.86 -5.73  -260   130   130 
  291   -24    24    12   -12    12   -12 -11.8  11.5  5.89 -5.76  5.89 -5.76  -262   131   131 
  291   -24    24    12   -12    12   -12 -11.8  11.6  5.92 -5.78  5.92 -5.78  -265   132   132 
  292   -24    24    12   -12    12   -12 -11.9  11.6  5.94 -5.81  5.94 -5.81  -267   134   134 
  292   -24    24    12   -12    12   -12 -11.9  11.7  5.97 -5.83  5.97 -5.83  -270   135   135 
  293   -24    24    12   -12    12   -12   -12  11.7     6 -5.86     6 -5.86  -272   136   136 
  293   -24    24    12   -12    12   -12   -12  11.8  6.02 -5.88  6.02 -5.88  -275   137   137 
  294   -24    24    12   -12    12   -12 -12.1  11.8  6.05 -5.91  6.05 -5.91  -277   139   139 
  294   -24    24    12   -12    12   -12 -12.1  11.9  6.07 -5.93  6.07 -5.93  -280   140   140 
  294   -24    24    12   -12    12   -12 -12.2  11.9   6.1 -5.96   6.1 -5.96  -282   141   141 
  295   -24    24    12   -12    12   -12 -12.2    12  6.12 -5.98  6.12 -5.98  -285   142   142 
  295   -24    24    12   -12    12   -12 -12.3    12  6.15 -6.01  6.15 -6.01  -287   144   144 
  296   -24    24    12   -12    12   -12 -12.4  12.1  6.18 -6.03  6.18 -6.03  -290   145   145 
  296   -24    24    12   -12    12   -12 -12.4  12.1   6.2 -6.06   6.2 -6.06  -292   146   146 
  297   -24    24    12   -12    12   -12 -12.5  12.2  6.23 -6.08  6.23 -6.08  -295   147   147 
  297   -24    24    12   -12    12   -12 -12.5  12.2  6.25  -6.1  6.25  -6.1  -297   149   149 
  298   -24    24    12   -12    12   -12 -12.6  12.3  6.28 -6.13  6.28 -6.13  -299   150   150 
  298   -24    24    12   -12    12   -12 -12.6  12.3   6.3 -6.15   6.3 -6.15  -302   151   151 
  298   -24    24    12   -12    12   -12 -12.7  12.4  6.33 -6.18  6.33 -6.18  -304   152   152 
  299   -24    24    12   -12    12   -12 -12.7  12.4  6.35  -6.2  6.35  -6.2  -307   153   153 
  299   -24    24    12   -12    12   -12 -12.8  12.5  6.38 -6.23  6.38 -6.23  -309   155   155 
  300   -24    24    12   -12    12   -12 -12.8  12.5  6.41 -6.25  6.41 -6.25  -312   156   156 
  300    24   -24   -12    12   -12    12 -12.8  12.5  6.39 -6.24  6.39 -6.24  -310   155   155 
  301    24   -24   -12    12   -12    12 -12.7  12.4  6.34 -6.19  6.34 -6.19  -303   151   151 
  301    24   -24   -12    12   -12    12 -12.6  12.3  6.29 -6.14  6.29 -6.14  -296   148   148 
  302    24   -24   -12    12   -12    12 -12.5  12.2  6.24 -6.09  6.24 -6.09  -289   145   145 
  302    24   -24   -12    12   -12    12 -12.4  12.1  6.19 -6.05  6.19 -6.05  -282   141   141 
  303    24   -24   -12    12   -12    12 -12.3    12  6.14    -6  6.14    -6  -276   138   138 
  303    24   -24   -12    12   -12    12 -12.2  11.9  6.08 -5.95  6.08 -5.95  -269   135   135 
  303    24   -24   -12    12   -12    12 -12.1  11.8  6.03  -5.9  6.03  -5.9  -262   131   131 
  304    24   -24   -12    12   -12    12   -12  11.7  5.98 -5.85  5.98 -5.85  -256   128   128 
  304    24   -24   -12    12   -12    12 -11.9  11.6  5.93 -5.81  5.93 -5.81  -250   125   125 
  305    24   -24   -12    12   -12    12 -11.8  11.5  5.88 -5.76  5.88 -5.76  -243   122   122 
  305    24   -24   -12    12   -12    12 -11.7  11.4  5.83 -5.71  5.83 -5.71  -237   119   119 
  306    24   -24   -12    12   -12    12 -11.6  11.3  5.78 -5.66  5.78 -5.66  -231   115   115 
  306    24   -24   -12    12   -12    12 -11.5  11.2  5.73 -5.62  5.73 -5.62  -225   112   112 
  307    24   -24   -12    12   -12    12 -11.4  11.1  5.68 -5.57  5.68 -5.57  -219   109   109 
  307    24   -24   -12    12   -12    12 -11.3    11  5.63 -5.52  5.63 -5.52  -213   106   106 
  307    24   -24   -12    12   -12    12 -11.2    11  5.58 -5.48  5.58 -5.48  -207   104   104 
  308    24   -24   -12    12   -12    12 -11.1  10.9  5.53 -5.43  5.53 -5.43  -201   101   101 
  308    24   -24   -12    12   -12    12   -11  10.8  5.48 -5.38  5.48 -5.38  -196  97.8  97.8 
  309    24   -24   -12    12   -12    12 -10.9  10.7  5.43 -5.34  5.43 -5.34  -190  94.9  94.9 
  309    24   -24   -12    12   -12    12 -10.8  10.6  5.38 -5.29  5.38 -5.29  -184  92.1  92.1 
  310    24   -24   -12    12   -12    12 -10.7  10.5  5.33 -5.24  5.33 -5.24  -179  89.4  89.4 
  310    24   -24   -12    12   -12    12 -10.6  10.4  5.28  -5.2  5.28  -5.2  -173  86.6  86.6 
  311    24   -24   -12    12   -12    12 -10.5  10.3  5.23 -5.15  5.23 -5.15  -168  83.9  83.9 
  311    24   -24   -12    12   -12    12 -10.4  10.2  5.19  -5.1  5.19  -5.1  -163  81.3  81.3 
  312    24   -24   -12    12   -12    12 -10.3  10.1  5.14 -5.06  5.14 -5.06  -157  78.6  78.6 
  312    24   -24   -12    12   -12    12 -10.2    10  5.09 -5.01  5.09 -5.01  -152    76    76 
  312    24   -24   -12    12   -12    12 -10.1  9.93  5.04 -4.97  5.04 -4.97  -147  73.5  73.5 
  313    24   -24   -12    12   -12    12 -9.98  9.84  4.99 -4.92  4.99 -4.92  -142  70.9  70.9 
  313    24   -24   -12    12   -12    12 -9.88  9.75  4.94 -4.87  4.94 -4.87  -137  68.4  68.4 
  314    24   -24   -12    12   -12    12 -9.79  9.66  4.89 -4.83  4.89 -4.83  -132    66    66 
  314    24   -24   -12    12   -12    12 -9.69  9.56  4.85 -4.78  4.85 -4.78  -127  63.5  63.5 
  315    24   -24   -12    12   -12    12 -9.59  9.47   4.8 -4.74   4.8 -4.74  -122  61.1  61.1 
  315    24   -24   -12    12   -12    12  -9.5  9.38  4.75 -4.69  4.75 -4.69  -118  58.8  58.8 
  316    24   -24   -12    12   -12    12  -9.4  9.29   4.7 -4.65   4.7 -4.65  -113  56.4  56.4 
  316    24   -24   -12    12   -12    12 -9.31   9.2  4.65  -4.6  4.65  -4.6  -108  54.1  54.1 
  316    24   -24   -12    12   -12    12 -9.21  9.11  4.61 -4.55  4.61 -4.55  -104  51.8  51.8 
  317    24   -24   -12    12   -12    12 -9.12  9.02  4.56 -4.51  4.56 -4.51 -99.1  49.6  49.6 
  317    24   -24   -12    12   -12    12 -9.02  8.93  4.51 -4.46  4.51 -4.46 -94.7  47.4  47.4 
  318    24   -24   -12    12   -12    12 -8.93  8.84  4.46 -4.42  4.46 -4.42 -90.3  45.2  45.2 
  318    24   -24   -12    12   -12    12 -8.83  8.75  4.42 -4.37  4.42 -4.37   -86    43    43 
  319    24   -24   -12    12   -12    12 -8.74  8.66  4.37 -4.33  4.37 -4.33 -81.7  40.9  40.9 
  319    24   -24   -12    12   -12    12 -8.65  8.57  4.32 -4.28  4.32 -4.28 -77.5  38.8  38.8 
  320    24   -24   -12    12   -12    12 -8.55  8.48  4.28 -4.24  4.28 -4.24 -73.4  36.7  36.7 
  320    24   -24   -12    12   -12    12 -8.46  8.39  4.23 -4.19  4.23 -4.19 -69.3  34.7  34.7 
  321    24   -24   -12    12   -12    12 -8.36   8.3  4.18 -4.15  4.18 -4.15 -65.3  32.7  32.7 
  321    24   -24   -12    12   -12    12 -8.27  8.21  4.14 -4.11  4.14 -4.11 -61.3  30.7  30.7 
  321    24   -24   -12    12   -12    12 -8.18  8.12  4.09 -4.06  4.09 -4.06 -57.4  28.7  28.7 
  322    24   -24   -12    12   -12    12 -8.09  8.03  4.04 -4.02  4.04 -4.02 -53.6  26.8  26.8 
  322    24   -24   -12    12   -12    12 -7.99  7.94     4 -3.97     4 -3.97 -49.8  24.9  24.9 
  323    24   -24   -12    12   -12    12  -7.9  7.86  3.95 -3.93  3.95 -3.93 -46.1    23    23 
  323    24   -24   -12    12   -12    12 -7.81  7.77   3.9 -3.88   3.9 -3.88 -42.4  21.2  21.2 
  324    24   -24   -12    12   -12    12 -7.72  7.68  3.86 -3.84  3.86 -3.84 -38.7  19.4  19.4 
  324    24   -24   -12    12   -12    12 -7.63  7.59  3.81  -3.8  3.81  -3.8 -35.2  17.6  17.6 
  325    24   -24   -12    12   -12    12 -7.53   7.5  3.77 -3.75  3.77 -3.75 -31.7  15.8  15.8 
  325    24   -24   -12    12   -12    12 -7.44  7.42  3.72 -3.71  3.72 -3.71 -28.2  14.1  14.1 
  325    24   -24   -12    12   -12    12 -7.35  7.33  3.68 -3.66  3.68 -3.66 -24.8  12.4  12.4 
  326    24   -24   -12    12   -12    12 -7.26  7.24  3.63 -3.62  3.63 -3.62 -21.4  10.7  10.7 
  326    24   -24   -12    12   -12    12 -7.17  7.15  3.59 -3.58  3.59 -3.58 -18.1  9.06  9.06 
  327    24   -24   -12    12   -12    12 -7.08  7.07  3.54 -3.53  3.54 -3.53 -14.9  7.44  7.44 
  327    24   -24   -12    12   -12    12 -6.99  6.98   3.5 -3.49   3.5 -3.49 -11.7  5.84  5.84 
  328    24   -24   -12    12   -12    12  -6.9  6.89  3.45 -3.45  3.45 -3.45 -8.53  4.27  4.27 
  328    24   -24   -12    12   -12    12 -6.81  6.81  3.41  -3.4  3.41  -3.4 -5.44  2.72  2.72 
  329    24   -24   -12    12   -12    12 -6.72  6.72  3.36 -3.36  3.36 -3.36  -2.4   1.2   1.2 
  329    24   -24   -12    12   -12    12 -6.63  6.63  3.32 -3.32  3.32 -3.32 0.591 -0.295 -0.295 
  330    24   -24   -12    12   -12    12 -6.54  6.55  3.27 -3.27  3.27 -3.27  3.53 -1.76 -1.76 
  330    24   -24   -12    12   -12    12 -6.45  6.46  3.23 -3.23  3.23 -3.23  6.42 -3.21 -3.21 
  330    24   -24   -12    12   -12    12 -6.36  6.37  3.18 -3.19  3.18 -3.19  9.26 -4.63 -4.63 
  331    24   -24   -12    12   -12    12 -6.28  6.29  3.14 -3.14  3.14 -3.14    12 -6.02 -6.02 
  331    24   -24   -12    12   -12    12 -6.19   6.2  3.09  -3.1  3.09  -3.1  14.8 -7.39 -7.39 
  332    24   -24   -12    12   -12    12  -6.1  6.12  3.05 -3.06  3.05 -3.06  17.5 -8.74 -8.74 
  332    24   -24   -12    12   -12    12 -6.01  6.03  3.01 -3.02  3.01 -3.02  20.1 -10.1 -10.1 
  333    24   -24   -12    12   -12    12 -5.92  5.95  2.96 -2.97  2.96 -2.97  22.7 -11.4 -11.4 
  333    24   -24   -12    12   -12    12 -5.84  5.86  2.92 -2.93  2.92 -2.93  25.3 -12.6 -12.6 
  334    24   -24   -12    12   -12    12 -5.75  5.78  2.87 -2.89  2.87 -2.89  27.8 -13.9 -13.9 
  334    24   -24   -12    12   -12    12 -5.66  5.69  2.83 -2.85  2.83 -2.85  30.2 -15.1 -15.1 
  334    24   -24   -12    12   -12    12 -5.57  5.61  2.79  -2.8  2.79  -2.8  32.6 -16.3 -16.3 
  335    24   -24   -12    12   -12    12 -5.49  5.52  2.74 -2.76  2.74 -2.76    35 -17.5 -17.5 
  335    24   -24   -12    12   -12    12  -5.4  5.44   2.7 -2.72   2.7 -2.72  37.3 -18.6 -18.6 
  336    24   -24   -12    12   -12    12 -5.32  5.35  2.66 -2.68  2.66 -2.68  39.5 -19.8 -19.8 
  336    24   -24   -12    12   -12    12 -5.23  5.27  2.61 -2.64  2.61 -2.64  41.8 -20.9 -20.9 
  337    24   -24   -12    12   -12    12 -5.14  5.19  2.57 -2.59  2.57 -2.59  43.9   -22   -22 
  337    24   -24   -12    12   -12    12 -5.06   5.1  2.53 -2.55  2.53 -2.55  46.1   -23   -23 
  338    24   -24   -12    12   -12    12 -4.97  5.02  2.49 -2.51  2.49 -2.51  48.2 -24.1 -24.1 
  338    24   -24   -12    12   -12    12 -4.89  4.94  2.44 -2.47  2.44 -2.47  50.2 -25.1 -25.1 
  339    24   -24   -12    12   -12    12  -4.8  4.85   2.4 -2.43   2.4 -2.43  52.2 -26.1 -26.1 
  339    24   -24   -12    12   -12    12 -4.72  4.77  2.36 -2.39  2.36 -2.39  54.1 -27.1 -27.1 
  339    24   -24   -12    12   -12    12 -4.63  4.69  2.32 -2.34  2.32 -2.34    56   -28   -28 
  340    24   -24   -12    12   -12    12 -4.55   4.6  2.27  -2.3  2.27  -2.3  57.9   -29   -29 
  340    24   -24   -12    12   -12    12 -4.46  4.52  2.23 -2.26  2.23 -2.26  59.7 -29.9 -29.9 
  341    24   -24   -12    12   -12    12 -4.38  4.44  2.19 -2.22  2.19 -2.22  61.5 -30.8 -30.8 
  341    24   -24   -12    12   -12    12 -4.29  4.36  2.15 -2.18  2.15 -2.18  63.2 -31.6 -31.6 
  342    24   -24   -12    12   -12    12 -4.21  4.27   2.1 -2.14   2.1 -2.14  64.9 -32.5 -32.5 
  342    24   -24   -12    12   -12    12 -4.13  4.19  2.06  -2.1  2.06  -2.1  66.6 -33.3 -33.3 
  343    24   -24   -12    12   -12    12 -4.04  4.11  2.02 -2.06  2.02 -2.06  68.2 -34.1 -34.1 
  343    24   -24   -12    12   -12    12 -3.96  4.03  1.98 -2.01  1.98 -2.01  69.8 -34.9 -34.9 
  343    24   -24   -12    12   -12    12 -3.88  3.95  1.94 -1.97  1.94 -1.97  71.3 -35.7 -35.7 
  344    24   -24   -12    12   -12    12 -3.79  3.87   1.9 -1.93   1.9 -1.93  72.8 -36.4 -36.4 
  344    24   -24   -12    12   -12    12 -3.71  3.78  1.86 -1.89  1.86 -1.89  74.2 -37.1 -37.1 
  345    24   -24   -12    12   -12    12 -3.63   3.7  1.81 -1.85  1.81 -1.85  75.7 -37.8 -37.8 
  345    24   -24   -12    12   -12    12 -3.55  3.62  1.77 -1.81  1.77 -1.81    77 -38.5 -38.5 
  346    24   -24   -12    12   -12    12 -3.46  3.54  1.73 -1.77  1.73 -1.77  78.4 -39.2 -39.2 
  346    24   -24   -12    12   -12    12 -3.38  3.46  1.69 -1.73  1.69 -1.73  79.7 -39.8 -39.8 
  347    24   -24   -12    12   -12    12  -3.3  3.38  1.65 -1.69  1.65 -1.69  80.9 -40.5 -40.5 
  347    24   -24   -12    12   -12    12 -3.22   3.3  1.61 -1.65  1.61 -1.65  82.1 -41.1 -41.1 
  348    24   -24   -12    12   -12    12 -3.14  3.22  1.57 -1.61  1.57 -1.61  83.3 -41.6 -41.6 
  348    24   -24   -12    12   -12    12 -3.05  3.14  1.53 -1.57  1.53 -1.57  84.4 -42.2 -42.2 
  348    24   -24   -12    12   -12    12 -2.97  3.06  1.49 -1.53  1.49 -1.53  85.5 -42.8 -42.8 
  349    24   -24   -12    12   -12    12 -2.89  2.98  1.45 -1.49  1.45 -1.49  86.6 -43.3 -43.3 
  349    24   -24   -12    12   -12    12 -2.81   2.9  1.41 -1.45  1.41 -1.45  87.6 -43.8 -43.8 
  350    24   -24   -12    12   -12    12 -2.73  2.82  1.37 -1.41  1.37 -1.41  88.6 -44.3 -44.3 
  350    24   -24   -12    12   -12    12 -2.65  2.74  1.33 -1.37  1.33 -1.37  89.6 -44.8 -44.8 
  351    24   -24   -12    12   -12    12 -2.57  2.66  1.29 -1.33  1.29 -1.33  90.5 -45.2 -45.2 
  351    24   -24   -12    12   -12    12 -2.49  2.58  1.25 -1.29  1.25 -1.29  91.4 -45.7 -45.7 
  352    24   -24   -12    12   -12    12 -2.41   2.5  1.21 -1.25  1.21 -1.25  92.2 -46.1 -46.1 
  352    24   -24   -12    12   -12    12 -2.33  2.42  1.17 -1.21  1.17 -1.21    93 -46.5 -46.5 
  352    24   -24   -12    12   -12    12 -2.25  2.34  1.13 -1.17  1.13 -1.17  93.8 -46.9 -46.9 
  353    24   -24   -12    12   -12    12 -2.17  2.27  1.09 -1.13  1.09 -1.13  94.5 -47.3 -47.3 
  353    24   -24   -12    12   -12    12 -2.09  2.19  1.05 -1.09  1.05 -1.09  95.2 -47.6 -47.6 
  354    24   -24   -12    12   -12    12 -2.01  2.11  1.01 -1.05  1.01 -1.05  95.9   -48   -48 
  354    24   -24   -12    12   -12    12 -1.93  2.03 0.967 -1.02 0.967 -1.02  96.5 -48.3 -48.3 
  355    24   -24   -12    12   -12    12 -1.86  1.95 0.928 -0.977 0.928 -0.977  97.2 -48.6 -48.6 
  355    24   -24   -12    12   -12    12 -1.78  1.88 0.889 -0.938 0.889 -0.938  97.7 -48.9 -48.9 
  356    24   -24   -12    12   -12    12  -1.7   1.8  0.85 -0.899  0.85 -0.899  98.3 -49.1 -49.1 
  356    24   -24   -12    12   -12    12 -1.62  1.72  0.81 -0.86  0.81 -0.86  98.8 -49.4 -49.4 
  357    24   -24   -12    12   -12    12 -1.54  1.64 0.771 -0.821 0.771 -0.821  99.2 -49.6 -49.6 
  357    24   -24   -12    12   -12    12 -1.47  1.56 0.733 -0.782 0.733 -0.782  99.7 -49.8 -49.8 
  357    24   -24   -12    12   -12    12 -1.39  1.49 0.694 -0.744 0.694 -0.744   100   -50   -50 
  358    24   -24   -12    12   -12    12 -1.31  1.41 0.655 -0.705 0.655 -0.705   100 -50.2 -50.2 
  358    24   -24   -12    12   -12    12 -1.23  1.33 0.616 -0.667 0.616 -0.667   101 -50.4 -50.4 
  359    24   -24   -12    12   -12    12 -1.16  1.26 0.578 -0.628 0.578 -0.628   101 -50.5 -50.5 
  359    24   -24   -12    12   -12    12 -1.08  1.18 0.539 -0.59 0.539 -0.59   101 -50.7 -50.7 
  360    24   -24   -12    12   -12    12    -1   1.1 0.501 -0.552 0.501 -0.552   102 -50.8 -50.8 
  360    24   -24   -12    12   -12    12 -0.925  1.03 0.463 -0.514 0.463 -0.514   102 -50.9 -50.9 
  361    24   -24   -12    12   -12    12 -0.849 0.951 0.424 -0.475 0.424 -0.475   102   -51   -51 
  361    24   -24   -12    12   -12    12 -0.773 0.875 0.386 -0.437 0.386 -0.437   102 -51.1 -51.1 
  361    24   -24   -12    12   -12    12 -0.696 0.799 0.348 -0.399 0.348 -0.399   102 -51.2 -51.2 
  362    24   -24   -12    12   -12    12 -0.621 0.723  0.31 -0.361  0.31 -0.361   102 -51.2 -51.2 
  362    24   -24   -12    12   -12    12 -0.545 0.647 0.272 -0.324 0.272 -0.324   102 -51.2 -51.2 
  363    24   -24   -12    12   -12    12 -0.469 0.572 0.235 -0.286 0.235 -0.286   102 -51.2 -51.2 
  363    24   -24   -12    12   -12    12 -0.394 0.496 0.197 -0.248 0.197 -0.248   103 -51.3 -51.3 
  364    24   -24   -12    12   -12    12 -0.318 0.421 0.159 -0.21 0.159 -0.21   102 -51.2 -51.2 
  364    24   -24   -12    12   -12    12 -0.243 0.346 0.122 -0.173 0.122 -0.173   102 -51.2 -51.2 
  365    24   -24   -12    12   -12    12 -0.168 0.271 0.0842 -0.135 0.0842 -0.135   102 -51.2 -51.2 
  365    24   -24   -12    12   -12    12 -0.0936 0.196 0.0468 -0.0979 0.0468 -0.0979   102 -51.1 -51.1 
  366    24   -24   -12    12   -12    12 -0.019 0.121 0.00948 -0.0605 0.00948 -0.0605   102 -51.1 -51.1 
  366    24   -24   -12    12   -12    12 0.0555 0.0465 -0.0277 -0.0232 -0.0277 -0.0232   102   -51   -51 
  366    24   -24   -12    12   -12    12  0.13 -0.028 -0.0649 0.014 -0.0649 0.014   102 -50.9 -50.9 
  367    24   -24   -12    12   -12    12 0.204 -0.102 -0.102 0.0512 -0.102 0.0512   102 -50.8 -50.8 
  367    24   -24   -12    12   -12    12 0.278 -0.177 -0.139 0.0883 -0.139 0.0883   101 -50.6 -50.6 
  368    24   -24   -12    12   -12    12 0.352 -0.251 -0.176 0.125 -0.176 0.125   101 -50.5 -50.5 
  368    24   -24   -12    12   -12    12 0.425 -0.325 -0.213 0.162 -0.213 0.162   101 -50.4 -50.4 
  369    24   -24   -12    12   -12    12 0.499 -0.398 -0.249 0.199 -0.249 0.199   100 -50.2 -50.2 
  369    24   -24   -12    12   -12    12 0.572 -0.472 -0.286 0.236 -0.286 0.236   100   -50   -50 
  370    24   -24   -12    12   -12    12 0.645 -0.546 -0.323 0.273 -0.323 0.273  99.7 -49.8 -49.8 
  370    24   -24   -12    12   -12    12 0.718 -0.619 -0.359  0.31 -0.359  0.31  99.2 -49.6 -49.6 
  370    24   -24   -12    12   -12    12 0.791 -0.692 -0.396 0.346 -0.396 0.346  98.8 -49.4 -49.4 
  371    24   -24   -12    12   -12    12 0.864 -0.765 -0.432 0.383 -0.432 0.383  98.4 -49.2 -49.2 
  371    24   -24   -12    12   -12    12 0.936 -0.839 -0.468 0.419 -0.468 0.419  97.9 -48.9 -48.9 
  372    24   -24   -12    12   -12    12  1.01 -0.911 -0.504 0.456 -0.504 0.456  97.4 -48.7 -48.7 
  372    24   -24   -12    12   -12    12  1.08 -0.984 -0.54 0.492 -0.54 0.492  96.8 -48.4 -48.4 
  373    24   -24   -12    12   -12    12  1.15 -1.06 -0.577 0.528 -0.577 0.528  96.3 -48.1 -48.1 
  373    24   -24   -12    12   -12    12  1.22 -1.13 -0.612 0.565 -0.612 0.565  95.7 -47.9 -47.9 
  374    24   -24   -12    12   -12    12   1.3  -1.2 -0.648 0.601 -0.648 0.601  95.1 -47.6 -47.6 
  374    24   -24   -12    12   -12    12  1.37 -1.27 -0.684 0.637 -0.684 0.637  94.5 -47.2 -47.2 
  375    24   -24   -12    12   -12    12  1.44 -1.35 -0.72 0.673 -0.72 0.673  93.8 -46.9 -46.9 
  375    24   -24   -12    12   -12    12  1.51 -1.42 -0.755 0.709 -0.755 0.709  93.1 -46.6 -46.6 
  375     0     0     0     0     0     0  1.55 -1.45 -0.773 0.726 -0.773 0.726  92.7 -46.4 -46.4 
  376     0     0     0     0     0     0  1.54 -1.45 -0.771 0.725 -0.771 0.725  92.6 -46.3 -46.3 
  376     0     0     0     0     0     0  1.54 -1.45 -0.769 0.723 -0.769 0.723  92.4 -46.2 -46.2 
  377     0     0     0     0     0     0  1.54 -1.44 -0.768 0.722 -0.768 0.722  92.2 -46.1 -46.1 
  377     0     0     0     0     0     0  1.53 -1.44 -0.766  0.72 -0.766  0.72  92.1   -46   -46 
  378     0     0     0     0     0     0  1.53 -1.44 -0.765 0.719 -0.765 0.719  91.9   -46   -46 
  378     0     0     0     0     0     0  1.53 -1.43 -0.763 0.717 -0.763 0.717  91.8 -45.9 -45.9 
  379     0     0     0     0     0     0  1.52 -1.43 -0.762 0.716 -0.762 0.716  91.6 -45.8 -45.8 
  379     0     0     0     0     0     0  1.52 -1.43 -0.76 0.715 -0.76 0.715  91.4 -45.7 -45.7 
  379     0     0     0     0     0     0  1.52 -1.43 -0.759 0.713 -0.759 0.713  91.3 -45.6 -45.6 
  380     0     0     0     0     0     0  1.51 -1.42 -0.757 0.712 -0.757 0.712  91.1 -45.6 -45.6 
  380     0     0     0     0     0     0  1.51 -1.42 -0.756  0.71 -0.756  0.71  90.9 -45.5 -45.5 
  381     0     0     0     0     0     0  1.51 -1.42 -0.754 0.709 -0.754 0.709  90.8 -45.4 -45.4 
  381     0     0     0     0     0     0  1.51 -1.41 -0.753 0.707 -0.753 0.707  90.6 -45.3 -45.3 
  382     0     0     0     0     0     0   1.5 -1.41 -0.751 0.706 -0.751 0.706  90.5 -45.2 -45.2 
  382     0     0     0     0     0     0   1.5 -1.41 -0.75 0.705 -0.75 0.705  90.3 -45.2 -45.2 
  383     0     0     0     0     0     0   1.5 -1.41 -0.748 0.703 -0.748 0.703  90.1 -45.1 -45.1 
  383     0     0     0     0     0     0  1.49  -1.4 -0.747 0.702 -0.747 0.702    90   -45   -45 
  384     0     0     0     0     0     0  1.49  -1.4 -0.745   0.7 -0.745   0.7  89.8 -44.9 -44.9 
  384     0     0     0     0     0     0  1.49  -1.4 -0.744 0.699 -0.744 0.699  89.7 -44.8 -44.8 
  384     0     0     0     0     0     0  1.48  -1.4 -0.742 0.698 -0.742 0.698  89.5 -44.8 -44.8 
  385     0     0     0     0     0     0  1.48 -1.39 -0.741 0.696 -0.741 0.696  89.4 -44.7 -44.7 
  385     0     0     0     0     0     0  1.48 -1.39 -0.739 0.695 -0.739 0.695  89.2 -44.6 -44.6 
  386     0     0     0     0     0     0  1.48 -1.39 -0.738 0.693 -0.738 0.693    89 -44.5 -44.5 
  386     0     0     0     0     0     0  1.47 -1.38 -0.736 0.692 -0.736 0.692  88.9 -44.4 -44.4 
  387     0     0     0     0     0     0  1.47 -1.38 -0.735 0.691 -0.735 0.691  88.7 -44.4 -44.4 
  387     0     0     0     0     0     0  1.47 -1.38 -0.733 0.689 -0.733 0.689  88.6 -44.3 -44.3 
  388     0     0     0     0     0     0  1.46 -1.38 -0.732 0.688 -0.732 0.688  88.4 -44.2 -44.2 
  388     0     0     0     0     0     0  1.46 -1.37 -0.731 0.686 -0.731 0.686  88.3 -44.1 -44.1 
  388     0     0     0     0     0     0  1.46 -1.37 -0.729 0.685 -0.729 0.685  88.1   -44   -44 
  389     0     0     0     0     0     0  1.46 -1.37 -0.728 0.684 -0.728 0.684  87.9   -44   -44 
  389     0     0     0     0     0     0  1.45 -1.36 -0.726 0.682 -0.726 0.682  87.8 -43.9 -43.9 
  390     0     0     0     0     0     0  1.45 -1.36 -0.725 0.681 -0.725 0.681  87.6 -43.8 -43.8 
  390     0     0     0     0     0     0  1.45 -1.36 -0.723  0.68 -0.723  0.68  87.5 -43.7 -43.7 
  391     0     0     0     0     0     0  1.44 -1.36 -0.722 0.678 -0.722 0.678  87.3 -43.7 -43.7 
  391     0     0     0     0     0     0  1.44 -1.35 -0.72 0.677 -0.72 0.677  87.2 -43.6 -43.6 
  392     0     0     0     0     0     0  1.44 -1.35 -0.719 0.675 -0.719 0.675    87 -43.5 -43.5 
  392     0     0     0     0     0     0  1.44 -1.35 -0.718 0.674 -0.718 0.674  86.9 -43.4 -43.4 
  393     0     0     0     0     0     0  1.43 -1.35 -0.716 0.673 -0.716 0.673  86.7 -43.4 -43.4 
  393     0     0     0     0     0     0  1.43 -1.34 -0.715 0.671 -0.715 0.671  86.5 -43.3 -43.3 
  393     0     0     0     0     0     0  1.43 -1.34 -0.713  0.67 -0.713  0.67  86.4 -43.2 -43.2 
  394     0     0     0     0     0     0  1.42 -1.34 -0.712 0.669 -0.712 0.669  86.2 -43.1 -43.1 
  394     0     0     0     0     0     0  1.42 -1.33 -0.71 0.667 -0.71 0.667  86.1   -43   -43 
  395     0     0     0     0     0     0  1.42 -1.33 -0.709 0.666 -0.709 0.666  85.9   -43   -43 
  395     0     0     0     0     0     0  1.42 -1.33 -0.708 0.665 -0.708 0.665  85.8 -42.9 -42.9 
  396     0     0     0     0     0     0  1.41 -1.33 -0.706 0.663 -0.706 0.663  85.6 -42.8 -42.8 
  396     0     0     0     0     0     0  1.41 -1.32 -0.705 0.662 -0.705 0.662  85.5 -42.7 -42.7 
  397     0     0     0     0     0     0  1.41 -1.32 -0.703 0.661 -0.703 0.661  85.3 -42.7 -42.7 
  397     0     0     0     0     0     0   1.4 -1.32 -0.702 0.659 -0.702 0.659  85.2 -42.6 -42.6 
  397     0     0     0     0     0     0   1.4 -1.32 -0.701 0.658 -0.701 0.658    85 -42.5 -42.5 
  398     0     0     0     0     0     0   1.4 -1.31 -0.699 0.657 -0.699 0.657  84.9 -42.4 -42.4 
  398     0     0     0     0     0     0   1.4 -1.31 -0.698 0.655 -0.698 0.655  84.7 -42.4 -42.4 
  399     0     0     0     0     0     0  1.39 -1.31 -0.696 0.654 -0.696 0.654  84.6 -42.3 -42.3 
  399     0     0     0     0     0     0  1.39 -1.31 -0.695 0.653 -0.695 0.653  84.4 -42.2 -42.2 
  400     0     0     0     0     0     0  1.39  -1.3 -0.694 0.652 -0.694 0.652  84.3 -42.1 -42.1 
  400     0     0     0     0     0     0  1.38  -1.3 -0.692  0.65 -0.692  0.65  84.1 -42.1 -42.1 
  401     0     0     0     0     0     0  1.38  -1.3 -0.691 0.649 -0.691 0.649    84   -42   -42 
  401     0     0     0     0     0     0  1.38  -1.3 -0.69 0.648 -0.69 0.648  83.8 -41.9 -41.9 
  402     0     0     0     0     0     0  1.38 -1.29 -0.688 0.646 -0.688 0.646  83.7 -41.8 -41.8 
  402     0     0     0     0     0     0  1.37 -1.29 -0.687 0.645 -0.687 0.645  83.5 -41.8 -41.8 
  402     0     0     0     0     0     0  1.37 -1.29 -0.685 0.644 -0.685 0.644  83.4 -41.7 -41.7 
  403     0     0     0     0     0     0  1.37 -1.28 -0.684 0.642 -0.684 0.642  83.2 -41.6 -41.6 
  403     0     0     0     0     0     0  1.37 -1.28 -0.683 0.641 -0.683 0.641  83.1 -41.5 -41.5 
  404     0     0     0     0     0     0  1.36 -1.28 -0.681  0.64 -0.681  0.64  82.9 -41.5 -41.5 
  404     0     0     0     0     0     0  1.36 -1.28 -0.68 0.639 -0.68 0.639  82.8 -41.4 -41.4 
  405     0     0     0     0     0     0  1.36 -1.27 -0.679 0.637 -0.679 0.637  82.6 -41.3 -41.3 
  405     0     0     0     0     0     0  1.35 -1.27 -0.677 0.636 -0.677 0.636  82.5 -41.2 -41.2 
  406     0     0     0     0     0     0  1.35 -1.27 -0.676 0.635 -0.676 0.635  82.3 -41.2 -41.2 
  406     0     0     0     0     0     0  1.35 -1.27 -0.675 0.633 -0.675 0.633  82.2 -41.1 -41.1 
  406     0     0     0     0     0     0  1.35 -1.26 -0.673 0.632 -0.673 0.632    82   -41   -41 
  407     0     0     0     0     0     0  1.34 -1.26 -0.672 0.631 -0.672 0.631  81.9 -40.9 -40.9 
  407     0     0     0     0     0     0  1.34 -1.26 -0.671  0.63 -0.671  0.63  81.7 -40.9 -40.9 
  408     0     0     0     0     0     0  1.34 -1.26 -0.669 0.628 -0.669 0.628  81.6 -40.8 -40.8 
  408     0     0     0     0     0     0  1.34 -1.25 -0.668 0.627 -0.668 0.627  81.5 -40.7 -40.7 
  409     0     0     0     0     0     0  1.33 -1.25 -0.667 0.626 -0.667 0.626  81.3 -40.7 -40.7 
  409     0     0     0     0     0     0  1.33 -1.25 -0.665 0.625 -0.665 0.625  81.2 -40.6 -40.6 
  410     0     0     0     0     0     0  1.33 -1.25 -0.664 0.623 -0.664 0.623    81 -40.5 -40.5 
  410     0     0     0     0     0     0  1.33 -1.24 -0.663 0.622 -0.663 0.622  80.9 -40.4 -40.4 
  411     0     0     0     0     0     0  1.32 -1.24 -0.661 0.621 -0.661 0.621  80.7 -40.4 -40.4 
  411     0     0     0     0     0     0  1.32 -1.24 -0.66  0.62 -0.66  0.62  80.6 -40.3 -40.3 
  411     0     0     0     0     0     0  1.32 -1.24 -0.659 0.618 -0.659 0.618  80.4 -40.2 -40.2 
  412     0     0     0     0     0     0  1.31 -1.23 -0.657 0.617 -0.657 0.617  80.3 -40.1 -40.1 
  412     0     0     0     0     0     0  1.31 -1.23 -0.656 0.616 -0.656 0.616  80.1 -40.1 -40.1 
  413     0     0     0     0     0     0  1.31 -1.23 -0.655 0.615 -0.655 0.615    80   -40   -40 
  413     0     0     0     0     0     0  1.31 -1.23 -0.653 0.613 -0.653 0.613  79.9 -39.9 -39.9 
  414     0     0     0     0     0     0   1.3 -1.22 -0.652 0.612 -0.652 0.612  79.7 -39.9 -39.9 
  414     0     0     0     0     0     0   1.3 -1.22 -0.651 0.611 -0.651 0.611  79.6 -39.8 -39.8 
  415     0     0     0     0     0     0   1.3 -1.22 -0.649  0.61 -0.649  0.61  79.4 -39.7 -39.7 
  415     0     0     0     0     0     0   1.3 -1.22 -0.648 0.609 -0.648 0.609  79.3 -39.6 -39.6 
  415     0     0     0     0     0     0  1.29 -1.21 -0.647 0.607 -0.647 0.607  79.1 -39.6 -39.6 
  416     0     0     0     0     0     0  1.29 -1.21 -0.646 0.606 -0.646 0.606    79 -39.5 -39.5 
  416     0     0     0     0     0     0  1.29 -1.21 -0.644 0.605 -0.644 0.605  78.9 -39.4 -39.4 
  417     0     0     0     0     0     0  1.29 -1.21 -0.643 0.604 -0.643 0.604  78.7 -39.4 -39.4 
  417     0     0     0     0     0     0  1.28  -1.2 -0.642 0.602 -0.642 0.602  78.6 -39.3 -39.3 
  418     0     0     0     0     0     0  1.28  -1.2 -0.64 0.601 -0.64 0.601  78.4 -39.2 -39.2 
  418     0     0     0     0     0     0  1.28  -1.2 -0.639   0.6 -0.639   0.6  78.3 -39.1 -39.1 
  419     0     0     0     0     0     0  1.28  -1.2 -0.638 0.599 -0.638 0.599  78.1 -39.1 -39.1 
  419     0     0     0     0     0     0  1.27  -1.2 -0.637 0.598 -0.637 0.598    78   -39   -39 
  420     0     0     0     0     0     0  1.27 -1.19 -0.635 0.596 -0.635 0.596  77.9 -38.9 -38.9 
  420     0     0     0     0     0     0  1.27 -1.19 -0.634 0.595 -0.634 0.595  77.7 -38.9 -38.9 
  420     0     0     0     0     0     0  1.27 -1.19 -0.633 0.594 -0.633 0.594  77.6 -38.8 -38.8 
  421     0     0     0     0     0     0  1.26 -1.19 -0.632 0.593 -0.632 0.593  77.4 -38.7 -38.7 
  421     0     0     0     0     0     0  1.26 -1.18 -0.63 0.592 -0.63 0.592  77.3 -38.7 -38.7 
  422     0     0     0     0     0     0  1.26 -1.18 -0.629  0.59 -0.629  0.59  77.2 -38.6 -38.6 
  422     0     0     0     0     0     0  1.26 -1.18 -0.628 0.589 -0.628 0.589    77 -38.5 -38.5 
  423     0     0     0     0     0     0  1.25 -1.18 -0.627 0.588 -0.627 0.588  76.9 -38.4 -38.4 
  423     0     0     0     0     0     0  1.25 -1.17 -0.625 0.587 -0.625 0.587  76.7 -38.4 -38.4 
  424     0     0     0     0     0     0  1.25 -1.17 -0.624 0.586 -0.624 0.586  76.6 -38.3 -38.3 
  424     0     0     0     0     0     0  1.25 -1.17 -0.623 0.585 -0.623 0.585  76.5 -38.2 -38.2 
  424     0     0     0     0     0     0  1.24 -1.17 -0.622 0.583 -0.622 0.583  76.3 -38.2 -38.2 
  425     0     0     0     0     0     0  1.24 -1.16 -0.62 0.582 -0.62 0.582  76.2 -38.1 -38.1 
  425     0     0     0     0     0     0  1.24 -1.16 -0.619 0.581 -0.619 0.581  76.1   -38   -38 
  426     0     0     0     0     0     0  1.24 -1.16 -0.618  0.58 -0.618  0.58  75.9   -38   -38 
  426     0     0     0     0     0     0  1.23 -1.16 -0.617 0.579 -0.617 0.579  75.8 -37.9 -37.9 
  427     0     0     0     0     0     0  1.23 -1.16 -0.615 0.578 -0.615 0.578  75.6 -37.8 -37.8 
  427     0     0     0     0     0     0  1.23 -1.15 -0.614 0.576 -0.614 0.576  75.5 -37.8 -37.8 
  428     0     0     0     0     0     0  1.23 -1.15 -0.613 0.575 -0.613 0.575  75.4 -37.7 -37.7 
  428     0     0     0     0     0     0  1.22 -1.15 -0.612 0.574 -0.612 0.574  75.2 -37.6 -37.6 
  429     0     0     0     0     0     0  1.22 -1.15 -0.61 0.573 -0.61 0.573  75.1 -37.5 -37.5 
  429     0     0     0     0     0     0  1.22 -1.14 -0.609 0.572 -0.609 0.572    75 -37.5 -37.5 
  429     0     0     0     0     0     0  1.22 -1.14 -0.608 0.571 -0.608 0.571  74.8 -37.4 -37.4 
  430     0     0     0     0     0     0  1.21 -1.14 -0.607  0.57 -0.607  0.57  74.7 -37.3 -37.3 
  430     0     0     0     0     0     0  1.21 -1.14 -0.606 0.568 -0.606 0.568  74.6 -37.3 -37.3 
  431     0     0     0     0     0     0  1.21 -1.13 -0.604 0.567 -0.604 0.567  74.4 -37.2 -37.2 
  431     0     0     0     0     0     0  1.21 -1.13 -0.603 0.566 -0.603 0.566  74.3 -37.1 -37.1 
  432     0     0     0     0     0     0   1.2 -1.13 -0.602 0.565 -0.602 0.565  74.2 -37.1 -37.1 
  432     0     0     0     0     0     0   1.2 -1.13 -0.601 0.564 -0.601 0.564    74   -37   -37 
  433     0     0     0     0     0     0   1.2 -1.13  -0.6 0.563  -0.6 0.563  73.9 -36.9 -36.9 
  433     0     0     0     0     0     0   1.2 -1.12 -0.598 0.562 -0.598 0.562  73.7 -36.9 -36.9 
  433     0     0     0     0     0     0  1.19 -1.12 -0.597  0.56 -0.597  0.56  73.6 -36.8 -36.8 
  434     0     0     0     0     0     0  1.19 -1.12 -0.596 0.559 -0.596 0.559  73.5 -36.7 -36.7 
  434     0     0     0     0     0     0  1.19 -1.12 -0.595 0.558 -0.595 0.558  73.3 -36.7 -36.7 
  435     0     0     0     0     0     0  1.19 -1.11 -0.594 0.557 -0.594 0.557  73.2 -36.6 -36.6 
  435     0     0     0     0     0     0  1.18 -1.11 -0.592 0.556 -0.592 0.556  73.1 -36.5 -36.5 
  436     0     0     0     0     0     0  1.18 -1.11 -0.591 0.555 -0.591 0.555  72.9 -36.5 -36.5 
  436     0     0     0     0     0     0  1.18 -1.11 -0.59 0.554 -0.59 0.554  72.8 -36.4 -36.4 
  437     0     0     0     0     0     0  1.18 -1.11 -0.589 0.553 -0.589 0.553  72.7 -36.3 -36.3 
  437     0     0     0     0     0     0  1.18  -1.1 -0.588 0.552 -0.588 0.552  72.6 -36.3 -36.3 
  438     0     0     0     0     0     0  1.17  -1.1 -0.587  0.55 -0.587  0.55  72.4 -36.2 -36.2 
  438     0     0     0     0     0     0  1.17  -1.1 -0.585 0.549 -0.585 0.549  72.3 -36.1 -36.1 
  438     0     0     0     0     0     0  1.17  -1.1 -0.584 0.548 -0.584 0.548  72.2 -36.1 -36.1 
  439     0     0     0     0     0     0  1.17 -1.09 -0.583 0.547 -0.583 0.547    72   -36   -36 
  439     0     0     0     0     0     0  1.16 -1.09 -0.582 0.546 -0.582 0.546  71.9 -35.9 -35.9 
  440     0     0     0     0     0     0  1.16 -1.09 -0.581 0.545 -0.581 0.545  71.8 -35.9 -35.9 
  440     0     0     0     0     0     0  1.16 -1.09 -0.58 0.544 -0.58 0.544  71.6 -35.8 -35.8 
  441     0     0     0     0     0     0  1.16 -1.09 -0.578 0.543 -0.578 0.543  71.5 -35.8 -35.8 
  441     0     0     0     0     0     0  1.15 -1.08 -0.577 0.542 -0.577 0.542  71.4 -35.7 -35.7 
  442     0     0     0     0     0     0  1.15 -1.08 -0.576 0.541 -0.576 0.541  71.2 -35.6 -35.6 
  442     0     0     0     0     0     0  1.15 -1.08 -0.575 0.539 -0.575 0.539  71.1 -35.6 -35.6 
  442     0     0     0     0     0     0  1.15 -1.08 -0.574 0.538 -0.574 0.538    71 -35.5 -35.5 
  443     0     0     0     0     0     0  1.15 -1.07 -0.573 0.537 -0.573 0.537  70.9 -35.4 -35.4 
  443     0     0     0     0     0     0  1.14 -1.07 -0.572 0.536 -0.572 0.536  70.7 -35.4 -35.4 
  444     0     0     0     0     0     0  1.14 -1.07 -0.57 0.535 -0.57 0.535  70.6 -35.3 -35.3 
  444     0     0     0     0     0     0  1.14 -1.07 -0.569 0.534 -0.569 0.534  70.5 -35.2 -35.2 
  445     0     0     0     0     0     0  1.14 -1.07 -0.568 0.533 -0.568 0.533  70.3 -35.2 -35.2 
  445     0     0     0     0     0     0  1.13 -1.06 -0.567 0.532 -0.567 0.532  70.2 -35.1 -35.1 
  446     0     0     0     0     0     0  1.13 -1.06 -0.566 0.531 -0.566 0.531  70.1   -35   -35 
  446     0     0     0     0     0     0  1.13 -1.06 -0.565  0.53 -0.565  0.53    70   -35   -35 
  447     0     0     0     0     0     0  1.13 -1.06 -0.564 0.529 -0.564 0.529  69.8 -34.9 -34.9 
  447     0     0     0     0     0     0  1.13 -1.06 -0.563 0.528 -0.563 0.528  69.7 -34.8 -34.8 
  447     0     0     0     0     0     0  1.12 -1.05 -0.561 0.527 -0.561 0.527  69.6 -34.8 -34.8 
  448     0     0     0     0     0     0  1.12 -1.05 -0.56 0.526 -0.56 0.526  69.4 -34.7 -34.7 
  448     0     0     0     0     0     0  1.12 -1.05 -0.559 0.525 -0.559 0.525  69.3 -34.7 -34.7 
  449     0     0     0     0     0     0  1.12 -1.05 -0.558 0.523 -0.558 0.523  69.2 -34.6 -34.6 
  449     0     0     0     0     0     0  1.11 -1.04 -0.557 0.522 -0.557 0.522  69.1 -34.5 -34.5 
  450     0     0     0     0     0     0  1.11 -1.04 -0.556 0.521 -0.556 0.521  68.9 -34.5 -34.5 
  450     0     0     0     0     0     0  1.11 -1.04 -0.555 0.521 -0.555 0.521  68.8 -34.4 -34.4 
