t i_d i_d2
  3.1 5.0755 -11.297
3.1042 5.2328 -11.653
3.1083 5.1582 -11.989
3.1125 5.3741 -11.034
3.1167 5.3857 -11.309
3.1208 5.3089 -11.568
3.125 5.3842 -13.35
3.1292 5.5035 -13.806
3.1333 5.425 -14.245
3.1375 5.5997 -12.747
3.1417 5.5896 -13.103
3.1458 5.5099 -13.447
 3.15 5.5635 -15.303
3.1542 5.6393 -14.884
3.1583 5.5589 -14.467
3.1625 5.6905 -12.114
3.1667 5.6605 -11.619
3.1708 5.5798 -11.131
3.175  5.61 -12.793
3.1792 5.6405 -12.496
3.1833 5.5601 -12.207
3.1875 5.643 -9.659
3.1917 5.5914 -8.9679
3.1958 5.5117 -8.2935
  3.2 5.5203 -9.4587
3.2042 5.5038 -8.6762
3.2083 5.4253 -7.9147
3.2125 5.4614 -4.5056
3.2167 5.3864 -3.9854
3.2208 5.3096 -3.485
3.225 5.2948 -6.067
3.2292 5.2333 -5.4712
3.2333 5.1586 -4.8991
3.2375 5.1226 -3.0438
3.2417 5.0495 -2.401
3.2458 4.9775 -1.7846
 3.25 4.9026 -1.3928
3.2542 4.8326 -1.0261
3.2583 4.7636 -0.68369
3.2625 4.6504 -1.4677
3.2667 4.584 -0.44383
3.2708 4.5185 0.54501
3.275 4.375 4.7132
3.2792 4.3124 5.7097
3.2833 4.2508 6.6709
3.2875 4.1139 4.7257
3.2917 4.0113 5.3898
3.2958 3.9539 6.0231
  3.3 3.7572 8.8519
3.3042 3.6857  9.15
3.3083 3.633 9.423
3.3125 3.4821 7.7918
3.3167 3.3363 8.3774
3.3208 3.2885 8.9345
3.325 3.056 11.668
3.3292 2.972 12.476
3.3333 2.9295 13.253
3.3375 2.7659 12.106
3.3417 2.5853 12.844
3.3458 2.5483 13.554
 3.35 2.2809 15.787
3.3542 2.1855 16.084
3.3583 2.1542 16.362
3.3625 1.9789 15.024
3.3667 1.7644 15.249
3.3708 1.7391 15.458
3.375 1.4415 16.864
3.3792 1.3356 16.957
3.3833 1.3164 17.039
3.3875 1.1341 15.493
3.3917 0.8976  15.5
3.3958 0.8847 15.501
  3.4 0.56503 17.006
3.4042 0.45664 16.874
3.4083 0.45007 16.74
3.4125 0.26476 15.604
3.4167 0.006575 15.382
3.4208 0.0064803 15.164
3.425 -0.32744 15.82
3.4292 -0.43815 15.472
3.4333 -0.43184 15.134
3.4375 -0.61608 13.792
3.4417 -0.8846 13.366
3.4458 -0.87184 12.953
 3.45 -1.2125 13.105
3.4542 -1.3181 12.577
3.4583 -1.2991 12.067
3.4625 -1.4787 10.873
3.4667 -1.7503 9.9686
3.4708 -1.725 9.0896
3.475 -2.0689 8.789
3.4792 -2.1699 8.1365
3.4833 -2.1385 7.5086
3.4875 -2.31 6.8348
3.4917 -2.5776 6.4501
3.4958 -2.5403 6.0882
  3.5 -2.8767 5.6831
3.5042 -2.9661 5.5697
3.5083 -2.9232 5.4769
3.5125 -3.0836 5.3434
3.5167 -3.3365 4.5621
3.5208 -3.2881 3.8122
3.525 -3.6104 2.7278
3.5292 -3.6893 1.9583
3.5333 -3.6358 1.2209
3.5375 -3.7823 0.782
3.5417 -4.0178 0.02678
3.5458 -3.9595 -0.69634
 3.55 -4.261 -2.3608
3.5542 -4.323 -3.0547
3.5583 -4.2603 -3.7177
3.5625 -4.3902 -3.4386
3.5667 -4.5981 -4.0955
3.5708 -4.5314 -4.7229
3.575 -4.8059 -6.2755
3.5792 -4.8487 -7.1544
3.5833 -4.7782 -8.0019
3.5875 -4.8893 -7.5669
3.5917 -5.0674 -8.372
3.5958 -4.9938 -9.1484
  3.6 -5.2314 -11.143
3.6042 -5.2566 -11.502
3.6083 -5.1802 -11.84
3.6125 -5.2703 -10.887
3.6167 -5.4087 -11.164
3.6208 -5.3301 -11.425
3.625 -5.5287 -13.209
3.6292 -5.5307 -13.667
3.6333 -5.4502 -14.108
3.6375 -5.5173 -12.612
3.6417 -5.618 -12.97
3.6458 -5.5363 -13.316
 3.65 -5.69 -15.175
3.6542 -5.6707 -14.757
3.6583 -5.5883 -14.342
3.6625 -5.6304 -11.99
3.6667 -5.684 -11.497
3.6708 -5.6013 -11.011
3.675 -5.7082 -12.675
3.6792 -5.666 -12.38
3.6833 -5.5836 -12.093
3.6875 -5.6028 -9.546
3.6917 -5.6113 -8.8566
3.6958 -5.5297 -8.1838
  3.7 -5.588 -9.3506
3.7042 -5.521 -8.5697
3.7083 -5.4407 -7.8097
3.7125 -5.4353 -4.4021
3.7167 -5.397 -3.8834
3.7208 -5.3186 -3.3846
3.725 -5.3217 -5.968
3.7292 -5.2443 -5.3737
3.7333 -5.1681 -4.803
3.7375 -5.1275 -2.9491
3.7417 -5.053 -2.3077
3.7458 -4.9795 -1.6927
 3.75 -4.9072 -1.3022
3.7542 -4.8359 -0.93685
3.7583 -4.7657 -0.59574
3.7625 -4.6506 -1.381
3.7667 -4.5831 -0.35844
3.7708 -4.5166 0.62914
3.775 -4.389 4.7961
3.7792 -4.3035 5.7914
3.7833 -4.241 6.7513
3.7875 -4.064 4.805
3.7917 -3.9984 5.4679
3.7958 -3.9404 6.1001
  3.8 -3.7946 8.9278
3.8042 -3.6688 9.2248
3.8083 -3.6156 9.4966
3.8125 -3.3984 7.8643
3.8167 -3.3198 8.4489
3.8208 -3.2717 9.005
3.825 -3.1129 11.737
3.8292 -2.9481 12.544
3.8333 -2.9054 13.321
3.8375 -2.6494 12.173
3.8417 -2.5592 12.91
3.8458 -2.5222 13.619
 3.85 -2.3516 15.85
3.8542 -2.1527 16.147
3.8583 -2.1216 16.424
3.8625 -1.8356 15.085
3.8667 -1.7347 15.309
3.8708 -1.7097 15.517
3.875 -1.5283 16.922
3.8792 -1.3002 17.014
3.8833 -1.2814 17.095
3.8875 -0.97385 15.549
3.8917 -0.86681 15.555
3.8958 -0.8543 15.555
  3.9 -0.67037 17.059
3.9042 -0.4211 16.926
3.9083 -0.41503 16.792
3.9125 -0.086481 15.655
3.9167 0.022624 15.432
3.9208 0.022298 15.213
3.925 0.20845 15.868
3.9292 0.47103 15.52
3.9333 0.46425 15.181
3.9375 0.80222 13.839
3.9417 0.90962 13.412
3.9458 0.89654 12.998
 3.95 1.0774 13.149
3.9542 1.3459 12.621
3.9583 1.3265 12.11
3.9625 1.6666 10.916
3.9667 1.7689 10.011
3.9708 1.7436 9.131
3.975 1.9195 8.8297
3.9792 2.1868 8.1767
3.9833 2.1554 7.5482
3.9875 2.4944 6.8738
3.9917 2.5884 6.4886
3.9958 2.5513 6.1261
    4 2.7192 5.7205
4.0042 2.9784 5.6065
4.0083 2.9357 5.5132
4.0125 3.263 5.3792
4.0167 3.346 4.5973
4.0208 3.2981 3.8469
4.025 3.4513 2.762
4.0292 3.6922 1.992
4.0333 3.6393 1.2542
4.0375 3.9487 0.81475
4.0417 4.018 0.059048
4.0458 3.9606 -0.66454
 4.05 4.0966 -2.3294
4.0542 4.3168 -3.0238
4.0583 4.2551 -3.6872
4.0625 4.5367 -3.4086
4.0667  4.59 -4.0659
4.0708 4.5245 -4.6937
4.075 4.6449 -6.2468
4.0792 4.8346 -7.1261
4.0833 4.7656 -7.974
4.0875 5.0172 -7.5394
4.0917 5.0488 -8.3449
4.0958 4.9767 -9.1217
  4.1 5.0755 -11.117
4.1042 5.2329 -11.476
4.1083 5.1582 -11.814
4.1125 5.3742 -10.862
4.1167 5.3858 -11.139
4.1208 5.309 -11.401
4.125 5.3843 -13.185
4.1292 5.5036 -13.643
4.1333 5.4251 -14.085
4.1375 5.5998 -12.589
4.1417 5.5896 -12.947
4.1458 5.5099 -13.294
 4.15 5.5636 -15.152
4.1542 5.6394 -14.735
4.1583 5.559 -14.321
4.1625 5.6906 -11.969
4.1667 5.6605 -11.476
4.1708 5.5798 -10.99
4.175  5.61 -12.654
4.1792 5.6405 -12.36
4.1833 5.5601 -6.394
4.1875 5.643 3.626
4.1917 5.5914 15.706
