t u_a_ap u_a_an u_b_ap u_b_an u_c_ap u_c_an i_a_ap i_a_an i_b_ap i_b_an i_c_ap i_c_an di_a_a di_b_a di_c_a
    0     0     0     0     0     0     0     0     0     0     0     0     0     0     0     0 
0.0045     0     0     0     0     0     0     0     0     0     0     0     0     0     0     0 
0.009     0     0     0     0     0     0     0     0     0     0     0     0     0     0     0 
0.018     0     0     0     0     0     0     0     0     0     0     0     0     0     0     0 
0.036     0     0     0     0     0     0     0     0     0     0     0     0     0     0     0 
0.072     0     0     0     0     0     0     0     0     0     0     0     0     0     0     0 
0.144     0     0     0     0     0     0     0     0     0     0     0     0     0     0     0 
0.288     0     0     0     0     0     0     0     0     0     0     0     0     0     0     0 
0.576     0     0     0     0     0     0     0     0     0     0     0     0     0     0     0 
 1.03     0     0     0     0     0     0     0     0     0     0     0     0     0     0     0 
 1.48     0     0     0     0     0     0     0     0     0     0     0     0     0     0     0 
 1.93     0     0     0     0     0     0     0     0     0     0     0     0     0     0     0 
 2.38     0     0     0     0     0     0     0     0     0     0     0     0     0     0     0 
 2.83     0     0     0     0     0     0     0     0     0     0     0     0     0     0     0 
 3.28     0     0     0     0     0     0     0     0     0     0     0     0     0     0     0 
 3.73     0     0     0     0     0     0     0     0     0     0     0     0     0     0     0 
 4.18     0     0     0     0     0     0     0     0     0     0     0     0     0     0     0 
 4.63     0     0     0     0     0     0     0     0     0     0     0     0     0     0     0 
 5.08     0     0     0     0     0     0     0     0     0     0     0     0     0     0     0 
 5.53     0     0     0     0     0     0     0     0     0     0     0     0     0     0     0 
 5.98     0     0     0     0     0     0     0     0     0     0     0     0     0     0     0 
 6.43     0     0     0     0     0     0     0     0     0     0     0     0     0     0     0 
 6.88     0     0     0     0     0     0     0     0     0     0     0     0     0     0     0 
 7.33     0     0     0     0     0     0     0     0     0     0     0     0     0     0     0 
 7.78     0     0     0     0     0     0     0     0     0     0     0     0     0     0     0 
 8.23     0     0     0     0     0     0     0     0     0     0     0     0     0     0     0 
 8.68     0     0     0     0     0     0     0     0     0     0     0     0     0     0     0 
 9.13     0     0     0     0     0     0     0     0     0     0     0     0     0     0     0 
 9.58     0     0     0     0     0     0     0     0     0     0     0     0     0     0     0 
   10     0     0     0     0     0     0     0     0     0     0     0     0     0     0     0 
 10.5     0     0     0     0     0     0     0     0     0     0     0     0     0     0     0 
 10.9     0     0     0     0     0     0     0     0     0     0     0     0     0     0     0 
 11.4     0     0     0     0     0     0     0     0     0     0     0     0     0     0     0 
 11.8     0     0     0     0     0     0     0     0     0     0     0     0     0     0     0 
 12.3     0     0     0     0     0     0     0     0     0     0     0     0     0     0     0 
 12.7     0     0     0     0     0     0     0     0     0     0     0     0     0     0     0 
 13.2     0     0     0     0     0     0     0     0     0     0     0     0     0     0     0 
 13.6     0     0     0     0     0     0     0     0     0     0     0     0     0     0     0 
 14.1     0     0     0     0     0     0     0     0     0     0     0     0     0     0     0 
 14.5     0     0     0     0     0     0     0     0     0     0     0     0     0     0     0 
   15     0     0     0     0     0     0     0     0     0     0     0     0     0     0     0 
 15.4     0     0     0     0     0     0     0     0     0     0     0     0     0     0     0 
 15.9     0     0     0     0     0     0     0     0     0     0     0     0     0     0     0 
 16.3     0     0     0     0     0     0     0     0     0     0     0     0     0     0     0 
 16.8     0     0     0     0     0     0     0     0     0     0     0     0     0     0     0 
 17.2     0     0     0     0     0     0     0     0     0     0     0     0     0     0     0 
 17.7     0     0     0     0     0     0     0     0     0     0     0     0     0     0     0 
 18.1     0     0     0     0     0     0     0     0     0     0     0     0     0     0     0 
 18.6     0     0     0     0     0     0     0     0     0     0     0     0     0     0     0 
   19     0     0     0     0     0     0     0     0     0     0     0     0     0     0     0 
 19.5     0     0     0     0     0     0     0     0     0     0     0     0     0     0     0 
 19.9     0     0     0     0     0     0     0     0     0     0     0     0     0     0     0 
 20.4     0     0     0     0     0     0     0     0     0     0     0     0     0     0     0 
 20.8     0     0     0     0     0     0     0     0     0     0     0     0     0     0     0 
 21.3     0     0     0     0     0     0     0     0     0     0     0     0     0     0     0 
 21.7     0     0     0     0     0     0     0     0     0     0     0     0     0     0     0 
 22.2     0     0     0     0     0     0     0     0     0     0     0     0     0     0     0 
 22.6     0     0     0     0     0     0     0     0     0     0     0     0     0     0     0 
 23.1     0     0     0     0     0     0     0     0     0     0     0     0     0     0     0 
 23.5     0     0     0     0     0     0     0     0     0     0     0     0     0     0     0 
   24     0     0     0     0     0     0     0     0     0     0     0     0     0     0     0 
 24.4     0     0     0     0     0     0     0     0     0     0     0     0     0     0     0 
 24.9     0     0     0     0     0     0     0     0     0     0     0     0     0     0     0 
 25.3     0     0     0     0     0     0     0     0     0     0     0     0     0     0     0 
 25.8     0     0     0     0     0     0     0     0     0     0     0     0     0     0     0 
 26.2     0     0     0     0     0     0     0     0     0     0     0     0     0     0     0 
 26.7     0     0     0     0     0     0     0     0     0     0     0     0     0     0     0 
 27.1     0     0     0     0     0     0     0     0     0     0     0     0     0     0     0 
 27.6     0     0     0     0     0     0     0     0     0     0     0     0     0     0     0 
   28     0     0     0     0     0     0     0     0     0     0     0     0     0     0     0 
 28.5     0     0     0     0     0     0     0     0     0     0     0     0     0     0     0 
 28.9     0     0     0     0     0     0     0     0     0     0     0     0     0     0     0 
 29.4     0     0     0     0     0     0     0     0     0     0     0     0     0     0     0 
 29.8     0     0     0     0     0     0     0     0     0     0     0     0     0     0     0 
 30.3     0     0     0     0     0     0     0     0     0     0     0     0     0     0     0 
 30.7     0     0     0     0     0     0     0     0     0     0     0     0     0     0     0 
 31.2     0     0     0     0     0     0     0     0     0     0     0     0     0     0     0 
 31.6     0     0     0     0     0     0     0     0     0     0     0     0     0     0     0 
 32.1     0     0     0     0     0     0     0     0     0     0     0     0     0     0     0 
 32.5     0     0     0     0     0     0     0     0     0     0     0     0     0     0     0 
   33     0     0     0     0     0     0     0     0     0     0     0     0     0     0     0 
 33.4     0     0     0     0     0     0     0     0     0     0     0     0     0     0     0 
 33.9     0     0     0     0     0     0     0     0     0     0     0     0     0     0     0 
 34.3     0     0     0     0     0     0     0     0     0     0     0     0     0     0     0 
 34.8     0     0     0     0     0     0     0     0     0     0     0     0     0     0     0 
 35.2     0     0     0     0     0     0     0     0     0     0     0     0     0     0     0 
 35.7     0     0     0     0     0     0     0     0     0     0     0     0     0     0     0 
 36.1     0     0     0     0     0     0     0     0     0     0     0     0     0     0     0 
 36.6     0     0     0     0     0     0     0     0     0     0     0     0     0     0     0 
   37     0     0     0     0     0     0     0     0     0     0     0     0     0     0     0 
 37.5     0     0     0     0     0     0     0     0     0     0     0     0     0     0     0 
 37.9     0     0     0     0     0     0     0     0     0     0     0     0     0     0     0 
 38.4     0     0     0     0     0     0     0     0     0     0     0     0     0     0     0 
 38.8     0     0     0     0     0     0     0     0     0     0     0     0     0     0     0 
 39.3     0     0     0     0     0     0     0     0     0     0     0     0     0     0     0 
 39.7     0     0     0     0     0     0     0     0     0     0     0     0     0     0     0 
 40.2     0     0     0     0     0     0     0     0     0     0     0     0     0     0     0 
 40.6     0     0     0     0     0     0     0     0     0     0     0     0     0     0     0 
 41.1     0     0     0     0     0     0     0     0     0     0     0     0     0     0     0 
 41.5     0     0     0     0     0     0     0     0     0     0     0     0     0     0     0 
   42     0     0     0     0     0     0     0     0     0     0     0     0     0     0     0 
 42.4     0     0     0     0     0     0     0     0     0     0     0     0     0     0     0 
 42.9     0     0     0     0     0     0     0     0     0     0     0     0     0     0     0 
 43.3     0     0     0     0     0     0     0     0     0     0     0     0     0     0     0 
 43.8     0     0     0     0     0     0     0     0     0     0     0     0     0     0     0 
 44.2     0     0     0     0     0     0     0     0     0     0     0     0     0     0     0 
 44.7     0     0     0     0     0     0     0     0     0     0     0     0     0     0     0 
 45.1     0     0     0     0     0     0     0     0     0     0     0     0     0     0     0 
 45.6     0     0     0     0     0     0     0     0     0     0     0     0     0     0     0 
   46     0     0     0     0     0     0     0     0     0     0     0     0     0     0     0 
 46.5     0     0     0     0     0     0     0     0     0     0     0     0     0     0     0 
 46.9     0     0     0     0     0     0     0     0     0     0     0     0     0     0     0 
 47.4     0     0     0     0     0     0     0     0     0     0     0     0     0     0     0 
 47.8     0     0     0     0     0     0     0     0     0     0     0     0     0     0     0 
 48.3     0     0     0     0     0     0     0     0     0     0     0     0     0     0     0 
 48.7     0     0     0     0     0     0     0     0     0     0     0     0     0     0     0 
 49.2     0     0     0     0     0     0     0     0     0     0     0     0     0     0     0 
 49.6     0     0     0     0     0     0     0     0     0     0     0     0     0     0     0 
 50.1     0     0     0     0     0     0     0     0     0     0     0     0     0     0     0 
 50.5     0     0     0     0     0     0     0     0     0     0     0     0     0     0     0 
   51     0     0     0     0     0     0     0     0     0     0     0     0     0     0     0 
 51.4     0     0     0     0     0     0     0     0     0     0     0     0     0     0     0 
 51.9     0     0     0     0     0     0     0     0     0     0     0     0     0     0     0 
 52.3     0     0     0     0     0     0     0     0     0     0     0     0     0     0     0 
 52.8     0     0     0     0     0     0     0     0     0     0     0     0     0     0     0 
 53.2     0     0     0     0     0     0     0     0     0     0     0     0     0     0     0 
 53.7     0     0     0     0     0     0     0     0     0     0     0     0     0     0     0 
 54.1     0     0     0     0     0     0     0     0     0     0     0     0     0     0     0 
 54.6     0     0     0     0     0     0     0     0     0     0     0     0     0     0     0 
   55     0     0     0     0     0     0     0     0     0     0     0     0     0     0     0 
 55.5     0     0     0     0     0     0     0     0     0     0     0     0     0     0     0 
 55.9     0     0     0     0     0     0     0     0     0     0     0     0     0     0     0 
 56.4     0     0     0     0     0     0     0     0     0     0     0     0     0     0     0 
 56.8     0     0     0     0     0     0     0     0     0     0     0     0     0     0     0 
 57.3     0     0     0     0     0     0     0     0     0     0     0     0     0     0     0 
 57.7     0     0     0     0     0     0     0     0     0     0     0     0     0     0     0 
 58.2     0     0     0     0     0     0     0     0     0     0     0     0     0     0     0 
 58.6     0     0     0     0     0     0     0     0     0     0     0     0     0     0     0 
 59.1     0     0     0     0     0     0     0     0     0     0     0     0     0     0     0 
 59.5     0     0     0     0     0     0     0     0     0     0     0     0     0     0     0 
   60     0     0     0     0     0     0     0     0     0     0     0     0     0     0     0 
 60.4     0     0     0     0     0     0     0     0     0     0     0     0     0     0     0 
 60.9     0     0     0     0     0     0     0     0     0     0     0     0     0     0     0 
 61.3     0     0     0     0     0     0     0     0     0     0     0     0     0     0     0 
 61.8     0     0     0     0     0     0     0     0     0     0     0     0     0     0     0 
 62.2     0     0     0     0     0     0     0     0     0     0     0     0     0     0     0 
 62.7     0     0     0     0     0     0     0     0     0     0     0     0     0     0     0 
 63.1     0     0     0     0     0     0     0     0     0     0     0     0     0     0     0 
 63.6     0     0     0     0     0     0     0     0     0     0     0     0     0     0     0 
   64     0     0     0     0     0     0     0     0     0     0     0     0     0     0     0 
 64.5     0     0     0     0     0     0     0     0     0     0     0     0     0     0     0 
 64.9     0     0     0     0     0     0     0     0     0     0     0     0     0     0     0 
 65.4     0     0     0     0     0     0     0     0     0     0     0     0     0     0     0 
 65.8     0     0     0     0     0     0     0     0     0     0     0     0     0     0     0 
 66.3     0     0     0     0     0     0     0     0     0     0     0     0     0     0     0 
 66.7     0     0     0     0     0     0     0     0     0     0     0     0     0     0     0 
 67.2     0     0     0     0     0     0     0     0     0     0     0     0     0     0     0 
 67.6     0     0     0     0     0     0     0     0     0     0     0     0     0     0     0 
 68.1     0     0     0     0     0     0     0     0     0     0     0     0     0     0     0 
 68.5     0     0     0     0     0     0     0     0     0     0     0     0     0     0     0 
   69     0     0     0     0     0     0     0     0     0     0     0     0     0     0     0 
 69.4     0     0     0     0     0     0     0     0     0     0     0     0     0     0     0 
 69.9     0     0     0     0     0     0     0     0     0     0     0     0     0     0     0 
 70.3     0     0     0     0     0     0     0     0     0     0     0     0     0     0     0 
 70.8     0     0     0     0     0     0     0     0     0     0     0     0     0     0     0 
 71.2     0     0     0     0     0     0     0     0     0     0     0     0     0     0     0 
 71.7     0     0     0     0     0     0     0     0     0     0     0     0     0     0     0 
 72.1     0     0     0     0     0     0     0     0     0     0     0     0     0     0     0 
 72.6     0     0     0     0     0     0     0     0     0     0     0     0     0     0     0 
   73     0     0     0     0     0     0     0     0     0     0     0     0     0     0     0 
 73.5     0     0     0     0     0     0     0     0     0     0     0     0     0     0     0 
 73.9     0     0     0     0     0     0     0     0     0     0     0     0     0     0     0 
 74.4     0     0     0     0     0     0     0     0     0     0     0     0     0     0     0 
 74.8     0     0     0     0     0     0     0     0     0     0     0     0     0     0     0 
 75.3    24   -24   -12    12   -12    12 0.0372 -0.0372 -0.0186 0.0186 -0.0186 0.0186 -6.94e-15 6.94e-15     0 
 75.7    24   -24   -12    12   -12    12 0.112 -0.112 -0.0558 0.0558 -0.0558 0.0558 0.0104 -0.00521 -0.00521 
 76.2    24   -24   -12    12   -12    12 0.186 -0.186 -0.0929 0.0929 -0.0929 0.0929 0.0381 -0.019 -0.019 
 76.6    24   -24   -12    12   -12    12  0.26 -0.26 -0.13  0.13 -0.13  0.13 0.0932 -0.0466 -0.0466 
 77.1    24   -24   -12    12   -12    12 0.334 -0.334 -0.167 0.167 -0.167 0.167 0.176 -0.0878 -0.0878 
 77.5    24   -24   -12    12   -12    12 0.408 -0.407 -0.204 0.204 -0.204 0.204 0.285 -0.143 -0.143 
   78    24   -24   -12    12   -12    12 0.481 -0.481 -0.241  0.24 -0.241  0.24 0.422 -0.211 -0.211 
 78.4    24   -24   -12    12   -12    12 0.555 -0.554 -0.277 0.277 -0.277 0.277 0.585 -0.292 -0.292 
 78.9    24   -24   -12    12   -12    12 0.628 -0.627 -0.314 0.314 -0.314 0.314 0.774 -0.387 -0.387 
 79.3    24   -24   -12    12   -12    12 0.701  -0.7 -0.351  0.35 -0.351  0.35  0.99 -0.495 -0.495 
 79.8    24   -24   -12    12   -12    12 0.775 -0.773 -0.387 0.387 -0.387 0.387  1.23 -0.616 -0.616 
 80.2    24   -24   -12    12   -12    12 0.848 -0.846 -0.424 0.423 -0.424 0.423   1.5 -0.749 -0.749 
 80.7    24   -24   -12    12   -12    12  0.92 -0.919 -0.46 0.459 -0.46 0.459  1.79 -0.896 -0.896 
 81.1    24   -24   -12    12   -12    12 0.993 -0.991 -0.497 0.495 -0.497 0.495  2.11 -1.05 -1.05 
 81.6    24   -24   -12    12   -12    12  1.07 -1.06 -0.533 0.532 -0.533 0.532  2.45 -1.23 -1.23 
   82    24   -24   -12    12   -12    12  1.14 -1.14 -0.569 0.568 -0.569 0.568  2.82 -1.41 -1.41 
 82.5    24   -24   -12    12   -12    12  1.21 -1.21 -0.605 0.604 -0.605 0.604  3.21 -1.61 -1.61 
 82.9    24   -24   -12    12   -12    12  1.28 -1.28 -0.641  0.64 -0.641  0.64  3.63 -1.82 -1.82 
 83.4    24   -24   -12    12   -12    12  1.35 -1.35 -0.677 0.675 -0.677 0.675  4.07 -2.04 -2.04 
 83.8    24   -24   -12    12   -12    12  1.43 -1.42 -0.713 0.711 -0.713 0.711  4.54 -2.27 -2.27 
 84.3    24   -24   -12    12   -12    12   1.5 -1.49 -0.749 0.747 -0.749 0.747  5.03 -2.52 -2.52 
 84.7    24   -24   -12    12   -12    12  1.57 -1.56 -0.785 0.782 -0.785 0.782  5.54 -2.77 -2.77 
 85.2    24   -24   -12    12   -12    12  1.64 -1.64 -0.821 0.818 -0.821 0.818  6.08 -3.04 -3.04 
 85.6    24   -24   -12    12   -12    12  1.71 -1.71 -0.857 0.853 -0.857 0.853  6.64 -3.32 -3.32 
 86.1    24   -24   -12    12   -12    12  1.78 -1.78 -0.892 0.889 -0.892 0.889  7.23 -3.61 -3.61 
 86.5    24   -24   -12    12   -12    12  1.86 -1.85 -0.928 0.924 -0.928 0.924  7.83 -3.92 -3.92 
   87    24   -24   -12    12   -12    12  1.93 -1.92 -0.963 0.959 -0.963 0.959  8.46 -4.23 -4.23 
 87.4    24   -24   -12    12   -12    12     2 -1.99 -0.999 0.994 -0.999 0.994  9.11 -4.56 -4.56 
 87.9    24   -24   -12    12   -12    12  2.07 -2.06 -1.03  1.03 -1.03  1.03  9.79 -4.89 -4.89 
 88.3    24   -24   -12    12   -12    12  2.14 -2.13 -1.07  1.06 -1.07  1.06  10.5 -5.24 -5.24 
 88.8    24   -24   -12    12   -12    12  2.21  -2.2  -1.1   1.1  -1.1   1.1  11.2  -5.6  -5.6 
 89.2    24   -24   -12    12   -12    12  2.28 -2.27 -1.14  1.13 -1.14  1.13  11.9 -5.97 -5.97 
 89.7    24   -24   -12    12   -12    12  2.35 -2.34 -1.17  1.17 -1.17  1.17  12.7 -6.35 -6.35 
 90.1    24   -24   -12    12   -12    12  2.42 -2.41 -1.21   1.2 -1.21   1.2  13.5 -6.74 -6.74 
 90.6    24   -24   -12    12   -12    12  2.49 -2.48 -1.25  1.24 -1.25  1.24  14.3 -7.15 -7.15 
   91    24   -24   -12    12   -12    12  2.56 -2.54 -1.28  1.27 -1.28  1.27  15.1 -7.56 -7.56 
 91.5    24   -24   -12    12   -12    12  2.63 -2.61 -1.31  1.31 -1.31  1.31    16 -7.98 -7.98 
 91.9    24   -24   -12    12   -12    12   2.7 -2.68 -1.35  1.34 -1.35  1.34  16.8 -8.41 -8.41 
 92.4    24   -24   -12    12   -12    12  2.77 -2.75 -1.38  1.38 -1.38  1.38  17.7 -8.86 -8.86 
 92.8    24   -24   -12    12   -12    12  2.84 -2.82 -1.42  1.41 -1.42  1.41  18.6 -9.31 -9.31 
 93.3    24   -24   -12    12   -12    12  2.91 -2.89 -1.45  1.44 -1.45  1.44  19.6 -9.78 -9.78 
 93.7    24   -24   -12    12   -12    12  2.98 -2.96 -1.49  1.48 -1.49  1.48  20.5 -10.2 -10.2 
 94.2    24   -24   -12    12   -12    12  3.05 -3.02 -1.52  1.51 -1.52  1.51  21.5 -10.7 -10.7 
 94.6    24   -24   -12    12   -12    12  3.11 -3.09 -1.56  1.55 -1.56  1.55  22.5 -11.2 -11.2 
 95.1    24   -24   -12    12   -12    12  3.18 -3.16 -1.59  1.58 -1.59  1.58  23.5 -11.7 -11.7 
 95.5    24   -24   -12    12   -12    12  3.25 -3.23 -1.63  1.61 -1.63  1.61  24.5 -12.2 -12.2 
   96    24   -24   -12    12   -12    12  3.32 -3.29 -1.66  1.65 -1.66  1.65  25.5 -12.8 -12.8 
 96.4    24   -24   -12    12   -12    12  3.39 -3.36 -1.69  1.68 -1.69  1.68  26.6 -13.3 -13.3 
 96.9    24   -24   -12    12   -12    12  3.46 -3.43 -1.73  1.71 -1.73  1.71  27.7 -13.8 -13.8 
 97.3    24   -24   -12    12   -12    12  3.52  -3.5 -1.76  1.75 -1.76  1.75  28.8 -14.4 -14.4 
 97.8    24   -24   -12    12   -12    12  3.59 -3.56  -1.8  1.78  -1.8  1.78  29.9 -14.9 -14.9 
 98.2    24   -24   -12    12   -12    12  3.66 -3.63 -1.83  1.81 -1.83  1.81    31 -15.5 -15.5 
 98.7    24   -24   -12    12   -12    12  3.73  -3.7 -1.86  1.85 -1.86  1.85  32.2 -16.1 -16.1 
 99.1    24   -24   -12    12   -12    12   3.8 -3.76  -1.9  1.88  -1.9  1.88  33.4 -16.7 -16.7 
 99.6    24   -24   -12    12   -12    12  3.86 -3.83 -1.93  1.91 -1.93  1.91  34.6 -17.3 -17.3 
  100    24   -24   -12    12   -12    12  3.93 -3.89 -1.97  1.95 -1.97  1.95  35.8 -17.9 -17.9 
  100    24   -24   -12    12   -12    12     4 -3.96    -2  1.98    -2  1.98    37 -18.5 -18.5 
  101    24   -24   -12    12   -12    12  4.06 -4.03 -2.03  2.01 -2.03  2.01  38.2 -19.1 -19.1 
  101    24   -24   -12    12   -12    12  4.13 -4.09 -2.07  2.05 -2.07  2.05  39.5 -19.7 -19.7 
  102    24   -24   -12    12   -12    12   4.2 -4.16  -2.1  2.08  -2.1  2.08  40.8 -20.4 -20.4 
  102    24   -24   -12    12   -12    12  4.27 -4.22 -2.13  2.11 -2.13  2.11  42.1   -21   -21 
  103    24   -24   -12    12   -12    12  4.33 -4.29 -2.17  2.14 -2.17  2.14  43.4 -21.7 -21.7 
  103    24   -24   -12    12   -12    12   4.4 -4.35  -2.2  2.18  -2.2  2.18  44.7 -22.4 -22.4 
  104    24   -24   -12    12   -12    12  4.46 -4.42 -2.23  2.21 -2.23  2.21    46   -23   -23 
  104    24   -24   -12    12   -12    12  4.53 -4.48 -2.27  2.24 -2.27  2.24  47.4 -23.7 -23.7 
  105    24   -24   -12    12   -12    12   4.6 -4.55  -2.3  2.27  -2.3  2.27  48.8 -24.4 -24.4 
  105    24   -24   -12    12   -12    12  4.66 -4.61 -2.33  2.31 -2.33  2.31  50.2 -25.1 -25.1 
  105    24   -24   -12    12   -12    12  4.73 -4.68 -2.36  2.34 -2.36  2.34  51.6 -25.8 -25.8 
  106    24   -24   -12    12   -12    12  4.79 -4.74  -2.4  2.37  -2.4  2.37    53 -26.5 -26.5 
  106    24   -24   -12    12   -12    12  4.86 -4.81 -2.43   2.4 -2.43   2.4  54.4 -27.2 -27.2 
  107    24   -24   -12    12   -12    12  4.93 -4.87 -2.46  2.43 -2.46  2.43  55.9 -27.9 -27.9 
  107    24   -24   -12    12   -12    12  4.99 -4.93  -2.5  2.47  -2.5  2.47  57.4 -28.7 -28.7 
  108    24   -24   -12    12   -12    12  5.06    -5 -2.53   2.5 -2.53   2.5  58.8 -29.4 -29.4 
  108    24   -24   -12    12   -12    12  5.12 -5.06 -2.56  2.53 -2.56  2.53  60.3 -30.2 -30.2 
  109    24   -24   -12    12   -12    12  5.19 -5.12 -2.59  2.56 -2.59  2.56  61.8 -30.9 -30.9 
  109    24   -24   -12    12   -12    12  5.25 -5.19 -2.63  2.59 -2.63  2.59  63.4 -31.7 -31.7 
  109    24   -24   -12    12   -12    12  5.32 -5.25 -2.66  2.63 -2.66  2.63  64.9 -32.5 -32.5 
  110    24   -24   -12    12   -12    12  5.38 -5.31 -2.69  2.66 -2.69  2.66  66.5 -33.2 -33.2 
  110    24   -24   -12    12   -12    12  5.45 -5.38 -2.72  2.69 -2.72  2.69    68   -34   -34 
  111    24   -24   -12    12   -12    12  5.51 -5.44 -2.75  2.72 -2.75  2.72  69.6 -34.8 -34.8 
  111    24   -24   -12    12   -12    12  5.57  -5.5 -2.79  2.75 -2.79  2.75  71.2 -35.6 -35.6 
  112    24   -24   -12    12   -12    12  5.64 -5.57 -2.82  2.78 -2.82  2.78  72.8 -36.4 -36.4 
  112    24   -24   -12    12   -12    12   5.7 -5.63 -2.85  2.81 -2.85  2.81  74.4 -37.2 -37.2 
  113    24   -24   -12    12   -12    12  5.77 -5.69 -2.88  2.84 -2.88  2.84  76.1   -38   -38 
  113    24   -24   -12    12   -12    12  5.83 -5.75 -2.91  2.88 -2.91  2.88  77.7 -38.9 -38.9 
  114    24   -24   -12    12   -12    12  5.89 -5.81 -2.95  2.91 -2.95  2.91  79.4 -39.7 -39.7 
  114    24   -24   -12    12   -12    12  5.96 -5.88 -2.98  2.94 -2.98  2.94  81.1 -40.5 -40.5 
  114    24   -24   -12    12   -12    12  6.02 -5.94 -3.01  2.97 -3.01  2.97  82.8 -41.4 -41.4 
  115    24   -24   -12    12   -12    12  6.08    -6 -3.04     3 -3.04     3  84.5 -42.2 -42.2 
  115    24   -24   -12    12   -12    12  6.15 -6.06 -3.07  3.03 -3.07  3.03  86.2 -43.1 -43.1 
  116    24   -24   -12    12   -12    12  6.21 -6.12  -3.1  3.06  -3.1  3.06  87.9   -44   -44 
  116    24   -24   -12    12   -12    12  6.27 -6.18 -3.14  3.09 -3.14  3.09  89.6 -44.8 -44.8 
  117    24   -24   -12    12   -12    12  6.34 -6.24 -3.17  3.12 -3.17  3.12  91.4 -45.7 -45.7 
  117    24   -24   -12    12   -12    12   6.4 -6.31  -3.2  3.15  -3.2  3.15  93.2 -46.6 -46.6 
  118    24   -24   -12    12   -12    12  6.46 -6.37 -3.23  3.18 -3.23  3.18  94.9 -47.5 -47.5 
  118    24   -24   -12    12   -12    12  6.52 -6.43 -3.26  3.21 -3.26  3.21  96.7 -48.4 -48.4 
  118    24   -24   -12    12   -12    12  6.59 -6.49 -3.29  3.24 -3.29  3.24  98.5 -49.3 -49.3 
  119    24   -24   -12    12   -12    12  6.65 -6.55 -3.32  3.27 -3.32  3.27   100 -50.2 -50.2 
  119    24   -24   -12    12   -12    12  6.71 -6.61 -3.36   3.3 -3.36   3.3   102 -51.1 -51.1 
  120    24   -24   -12    12   -12    12  6.77 -6.67 -3.39  3.33 -3.39  3.33   104   -52   -52 
  120    24   -24   -12    12   -12    12  6.83 -6.73 -3.42  3.36 -3.42  3.36   106 -52.9 -52.9 
  121    24   -24   -12    12   -12    12   6.9 -6.79 -3.45  3.39 -3.45  3.39   108 -53.8 -53.8 
  121    24   -24   -12    12   -12    12  6.96 -6.85 -3.48  3.42 -3.48  3.42   110 -54.8 -54.8 
  122    24   -24   -12    12   -12    12  7.02 -6.91 -3.51  3.45 -3.51  3.45   111 -55.7 -55.7 
  122    24   -24   -12    12   -12    12  7.08 -6.97 -3.54  3.48 -3.54  3.48   113 -56.6 -56.6 
  123    24   -24   -12    12   -12    12  7.14 -7.03 -3.57  3.51 -3.57  3.51   115 -57.6 -57.6 
  123    24   -24   -12    12   -12    12   7.2 -7.09  -3.6  3.54  -3.6  3.54   117 -58.5 -58.5 
  123    24   -24   -12    12   -12    12  7.26 -7.15 -3.63  3.57 -3.63  3.57   119 -59.5 -59.5 
  124    24   -24   -12    12   -12    12  7.33  -7.2 -3.66   3.6 -3.66   3.6   121 -60.5 -60.5 
  124    24   -24   -12    12   -12    12  7.39 -7.26 -3.69  3.63 -3.69  3.63   123 -61.4 -61.4 
  125    24   -24   -12    12   -12    12  7.45 -7.32 -3.72  3.66 -3.72  3.66   125 -62.4 -62.4 
  125    24   -24   -12    12   -12    12  7.51 -7.38 -3.75  3.69 -3.75  3.69   127 -63.4 -63.4 
  126    24   -24   -12    12   -12    12  7.57 -7.44 -3.78  3.72 -3.78  3.72   129 -64.4 -64.4 
  126    24   -24   -12    12   -12    12  7.63  -7.5 -3.81  3.75 -3.81  3.75   131 -65.3 -65.3 
  127    24   -24   -12    12   -12    12  7.69 -7.56 -3.84  3.78 -3.84  3.78   133 -66.3 -66.3 
  127    24   -24   -12    12   -12    12  7.75 -7.61 -3.87  3.81 -3.87  3.81   135 -67.3 -67.3 
  127    24   -24   -12    12   -12    12  7.81 -7.67  -3.9  3.84  -3.9  3.84   137 -68.3 -68.3 
  128    24   -24   -12    12   -12    12  7.87 -7.73 -3.93  3.87 -3.93  3.87   139 -69.3 -69.3 
  128    24   -24   -12    12   -12    12  7.93 -7.79 -3.96  3.89 -3.96  3.89   141 -70.4 -70.4 
  129    24   -24   -12    12   -12    12  7.99 -7.85 -3.99  3.92 -3.99  3.92   143 -71.4 -71.4 
  129    24   -24   -12    12   -12    12  8.05  -7.9 -4.02  3.95 -4.02  3.95   145 -72.4 -72.4 
  130    24   -24   -12    12   -12    12  8.11 -7.96 -4.05  3.98 -4.05  3.98   147 -73.4 -73.4 
  130    24   -24   -12    12   -12    12  8.17 -8.02 -4.08  4.01 -4.08  4.01   149 -74.4 -74.4 
  131    24   -24   -12    12   -12    12  8.23 -8.08 -4.11  4.04 -4.11  4.04   151 -75.5 -75.5 
  131    24   -24   -12    12   -12    12  8.29 -8.13 -4.14  4.07 -4.14  4.07   153 -76.5 -76.5 
  132    24   -24   -12    12   -12    12  8.34 -8.19 -4.17  4.09 -4.17  4.09   155 -77.5 -77.5 
  132    24   -24   -12    12   -12    12   8.4 -8.25  -4.2  4.12  -4.2  4.12   157 -78.6 -78.6 
  132    24   -24   -12    12   -12    12  8.46  -8.3 -4.23  4.15 -4.23  4.15   159 -79.6 -79.6 
  133    24   -24   -12    12   -12    12  8.52 -8.36 -4.26  4.18 -4.26  4.18   161 -80.7 -80.7 
  133    24   -24   -12    12   -12    12  8.58 -8.42 -4.29  4.21 -4.29  4.21   163 -81.7 -81.7 
  134    24   -24   -12    12   -12    12  8.64 -8.47 -4.32  4.24 -4.32  4.24   166 -82.8 -82.8 
  134    24   -24   -12    12   -12    12   8.7 -8.53 -4.35  4.26 -4.35  4.26   168 -83.9 -83.9 
  135    24   -24   -12    12   -12    12  8.76 -8.59 -4.38  4.29 -4.38  4.29   170 -84.9 -84.9 
  135    24   -24   -12    12   -12    12  8.81 -8.64 -4.41  4.32 -4.41  4.32   172   -86   -86 
  136    24   -24   -12    12   -12    12  8.87  -8.7 -4.44  4.35 -4.44  4.35   174 -87.1 -87.1 
  136    24   -24   -12    12   -12    12  8.93 -8.75 -4.46  4.38 -4.46  4.38   176 -88.1 -88.1 
  136    24   -24   -12    12   -12    12  8.99 -8.81 -4.49   4.4 -4.49   4.4   178 -89.2 -89.2 
  137    24   -24   -12    12   -12    12  9.05 -8.86 -4.52  4.43 -4.52  4.43   181 -90.3 -90.3 
  137    24   -24   -12    12   -12    12   9.1 -8.92 -4.55  4.46 -4.55  4.46   183 -91.4 -91.4 
  138    24   -24   -12    12   -12    12  9.16 -8.98 -4.58  4.49 -4.58  4.49   185 -92.5 -92.5 
  138    24   -24   -12    12   -12    12  9.22 -9.03 -4.61  4.52 -4.61  4.52   187 -93.6 -93.6 
  139    24   -24   -12    12   -12    12  9.27 -9.09 -4.64  4.54 -4.64  4.54   189 -94.7 -94.7 
  139    24   -24   -12    12   -12    12  9.33 -9.14 -4.67  4.57 -4.67  4.57   192 -95.8 -95.8 
  140    24   -24   -12    12   -12    12  9.39  -9.2 -4.69   4.6 -4.69   4.6   194 -96.9 -96.9 
  140    24   -24   -12    12   -12    12  9.45 -9.25 -4.72  4.63 -4.72  4.63   196   -98   -98 
  141    24   -24   -12    12   -12    12   9.5  -9.3 -4.75  4.65 -4.75  4.65   198 -99.1 -99.1 
  141    24   -24   -12    12   -12    12  9.56 -9.36 -4.78  4.68 -4.78  4.68   200  -100  -100 
  141    24   -24   -12    12   -12    12  9.62 -9.41 -4.81  4.71 -4.81  4.71   203  -101  -101 
  142    24   -24   -12    12   -12    12  9.67 -9.47 -4.84  4.73 -4.84  4.73   205  -102  -102 
  142    24   -24   -12    12   -12    12  9.73 -9.52 -4.86  4.76 -4.86  4.76   207  -104  -104 
  143    24   -24   -12    12   -12    12  9.79 -9.58 -4.89  4.79 -4.89  4.79   209  -105  -105 
  143    24   -24   -12    12   -12    12  9.84 -9.63 -4.92  4.82 -4.92  4.82   212  -106  -106 
  144    24   -24   -12    12   -12    12   9.9 -9.68 -4.95  4.84 -4.95  4.84   214  -107  -107 
  144    24   -24   -12    12   -12    12  9.95 -9.74 -4.98  4.87 -4.98  4.87   216  -108  -108 
  145    24   -24   -12    12   -12    12    10 -9.79    -5   4.9    -5   4.9   218  -109  -109 
  145    24   -24   -12    12   -12    12  10.1 -9.84 -5.03  4.92 -5.03  4.92   221  -110  -110 
  145    24   -24   -12    12   -12    12  10.1  -9.9 -5.06  4.95 -5.06  4.95   223  -111  -111 
  146    24   -24   -12    12   -12    12  10.2 -9.95 -5.09  4.98 -5.09  4.98   225  -113  -113 
  146    24   -24   -12    12   -12    12  10.2   -10 -5.12     5 -5.12     5   228  -114  -114 
  147    24   -24   -12    12   -12    12  10.3 -10.1 -5.14  5.03 -5.14  5.03   230  -115  -115 
  147    24   -24   -12    12   -12    12  10.3 -10.1 -5.17  5.06 -5.17  5.06   232  -116  -116 
  148    24   -24   -12    12   -12    12  10.4 -10.2  -5.2  5.08  -5.2  5.08   234  -117  -117 
  148    24   -24   -12    12   -12    12  10.5 -10.2 -5.23  5.11 -5.23  5.11   237  -118  -118 
  149    24   -24   -12    12   -12    12  10.5 -10.3 -5.25  5.13 -5.25  5.13   239  -120  -120 
  149    24   -24   -12    12   -12    12  10.6 -10.3 -5.28  5.16 -5.28  5.16   241  -121  -121 
  150    24   -24   -12    12   -12    12  10.6 -10.4 -5.31  5.19 -5.31  5.19   244  -122  -122 
  150    24   -24   -12    12   -12    12  10.7 -10.4 -5.34  5.21 -5.34  5.21   246  -123  -123 
  150   -24    24    12   -12    12   -12  10.7 -10.4 -5.33   5.2 -5.33   5.2   244  -122  -122 
  151   -24    24    12   -12    12   -12  10.6 -10.3 -5.28  5.16 -5.28  5.16   239  -119  -119 
  151   -24    24    12   -12    12   -12  10.5 -10.2 -5.23  5.11 -5.23  5.11   233  -117  -117 
  152   -24    24    12   -12    12   -12  10.4 -10.1 -5.18  5.06 -5.18  5.06   228  -114  -114 
  152   -24    24    12   -12    12   -12  10.3   -10 -5.13  5.02 -5.13  5.02   223  -111  -111 
  153   -24    24    12   -12    12   -12  10.2 -9.94 -5.08  4.97 -5.08  4.97   217  -109  -109 
  153   -24    24    12   -12    12   -12  10.1 -9.85 -5.03  4.93 -5.03  4.93   212  -106  -106 
  154   -24    24    12   -12    12   -12  9.97 -9.76 -4.98  4.88 -4.98  4.88   207  -103  -103 
  154   -24    24    12   -12    12   -12  9.87 -9.67 -4.93  4.83 -4.93  4.83   202  -101  -101 
  154   -24    24    12   -12    12   -12  9.77 -9.58 -4.89  4.79 -4.89  4.79   197 -98.3 -98.3 
  155   -24    24    12   -12    12   -12  9.68 -9.49 -4.84  4.74 -4.84  4.74   192 -95.9 -95.9 
  155   -24    24    12   -12    12   -12  9.58 -9.39 -4.79   4.7 -4.79   4.7   187 -93.4 -93.4 
  156   -24    24    12   -12    12   -12  9.49  -9.3 -4.74  4.65 -4.74  4.65   182   -91   -91 
  156   -24    24    12   -12    12   -12  9.39 -9.21 -4.69  4.61 -4.69  4.61   177 -88.6 -88.6 
  157   -24    24    12   -12    12   -12  9.29 -9.12 -4.65  4.56 -4.65  4.56   172 -86.2 -86.2 
  157   -24    24    12   -12    12   -12   9.2 -9.03  -4.6  4.52  -4.6  4.52   168 -83.9 -83.9 
  158   -24    24    12   -12    12   -12   9.1 -8.94 -4.55  4.47 -4.55  4.47   163 -81.6 -81.6 
  158   -24    24    12   -12    12   -12  9.01 -8.85  -4.5  4.43  -4.5  4.43   159 -79.3 -79.3 
  159   -24    24    12   -12    12   -12  8.91 -8.76 -4.46  4.38 -4.46  4.38   154 -77.1 -77.1 
  159   -24    24    12   -12    12   -12  8.82 -8.67 -4.41  4.34 -4.41  4.34   150 -74.9 -74.9 
  159   -24    24    12   -12    12   -12  8.73 -8.58 -4.36  4.29 -4.36  4.29   145 -72.7 -72.7 
  160   -24    24    12   -12    12   -12  8.63 -8.49 -4.32  4.25 -4.32  4.25   141 -70.5 -70.5 
  160   -24    24    12   -12    12   -12  8.54  -8.4 -4.27   4.2 -4.27   4.2   137 -68.4 -68.4 
  161   -24    24    12   -12    12   -12  8.44 -8.31 -4.22  4.16 -4.22  4.16   133 -66.3 -66.3 
  161   -24    24    12   -12    12   -12  8.35 -8.22 -4.18  4.11 -4.18  4.11   129 -64.3 -64.3 
  162   -24    24    12   -12    12   -12  8.26 -8.13 -4.13  4.07 -4.13  4.07   124 -62.2 -62.2 
  162   -24    24    12   -12    12   -12  8.17 -8.05 -4.08  4.02 -4.08  4.02   120 -60.2 -60.2 
  163   -24    24    12   -12    12   -12  8.07 -7.96 -4.04  3.98 -4.04  3.98   116 -58.2 -58.2 
  163   -24    24    12   -12    12   -12  7.98 -7.87 -3.99  3.93 -3.99  3.93   113 -56.3 -56.3 
  163   -24    24    12   -12    12   -12  7.89 -7.78 -3.94  3.89 -3.94  3.89   109 -54.4 -54.4 
  164   -24    24    12   -12    12   -12   7.8 -7.69  -3.9  3.85  -3.9  3.85   105 -52.5 -52.5 
  164   -24    24    12   -12    12   -12   7.7  -7.6 -3.85   3.8 -3.85   3.8   101 -50.6 -50.6 
  165   -24    24    12   -12    12   -12  7.61 -7.52 -3.81  3.76 -3.81  3.76  97.6 -48.8 -48.8 
  165   -24    24    12   -12    12   -12  7.52 -7.43 -3.76  3.71 -3.76  3.71  93.9   -47   -47 
  166   -24    24    12   -12    12   -12  7.43 -7.34 -3.72  3.67 -3.72  3.67  90.4 -45.2 -45.2 
  166   -24    24    12   -12    12   -12  7.34 -7.25 -3.67  3.63 -3.67  3.63  86.9 -43.4 -43.4 
  167   -24    24    12   -12    12   -12  7.25 -7.17 -3.62  3.58 -3.62  3.58  83.4 -41.7 -41.7 
  167   -24    24    12   -12    12   -12  7.16 -7.08 -3.58  3.54 -3.58  3.54    80   -40   -40 
  168   -24    24    12   -12    12   -12  7.07 -6.99 -3.53   3.5 -3.53   3.5  76.7 -38.3 -38.3 
  168   -24    24    12   -12    12   -12  6.98  -6.9 -3.49  3.45 -3.49  3.45  73.4 -36.7 -36.7 
  168   -24    24    12   -12    12   -12  6.89 -6.82 -3.44  3.41 -3.44  3.41  70.1 -35.1 -35.1 
  169   -24    24    12   -12    12   -12   6.8 -6.73  -3.4  3.37  -3.4  3.37  66.9 -33.5 -33.5 
  169   -24    24    12   -12    12   -12  6.71 -6.64 -3.35  3.32 -3.35  3.32  63.8 -31.9 -31.9 
  170   -24    24    12   -12    12   -12  6.62 -6.56 -3.31  3.28 -3.31  3.28  60.7 -30.3 -30.3 
  170   -24    24    12   -12    12   -12  6.53 -6.47 -3.26  3.24 -3.26  3.24  57.6 -28.8 -28.8 
  171   -24    24    12   -12    12   -12  6.44 -6.39 -3.22  3.19 -3.22  3.19  54.7 -27.3 -27.3 
  171   -24    24    12   -12    12   -12  6.35  -6.3 -3.18  3.15 -3.18  3.15  51.7 -25.9 -25.9 
  172   -24    24    12   -12    12   -12  6.26 -6.21 -3.13  3.11 -3.13  3.11  48.8 -24.4 -24.4 
  172   -24    24    12   -12    12   -12  6.18 -6.13 -3.09  3.06 -3.09  3.06    46   -23   -23 
  172   -24    24    12   -12    12   -12  6.09 -6.04 -3.04  3.02 -3.04  3.02  43.2 -21.6 -21.6 
  173   -24    24    12   -12    12   -12     6 -5.96    -3  2.98    -3  2.98  40.5 -20.2 -20.2 
  173   -24    24    12   -12    12   -12  5.91 -5.87 -2.96  2.94 -2.96  2.94  37.8 -18.9 -18.9 
  174   -24    24    12   -12    12   -12  5.82 -5.79 -2.91  2.89 -2.91  2.89  35.1 -17.6 -17.6 
  174   -24    24    12   -12    12   -12  5.74  -5.7 -2.87  2.85 -2.87  2.85  32.5 -16.3 -16.3 
  175   -24    24    12   -12    12   -12  5.65 -5.62 -2.82  2.81 -2.82  2.81    30   -15   -15 
  175   -24    24    12   -12    12   -12  5.56 -5.53 -2.78  2.77 -2.78  2.77  27.5 -13.7 -13.7 
  176   -24    24    12   -12    12   -12  5.48 -5.45 -2.74  2.73 -2.74  2.73    25 -12.5 -12.5 
  176   -24    24    12   -12    12   -12  5.39 -5.37 -2.69  2.68 -2.69  2.68  22.6 -11.3 -11.3 
  177   -24    24    12   -12    12   -12   5.3 -5.28 -2.65  2.64 -2.65  2.64  20.2 -10.1 -10.1 
  177   -24    24    12   -12    12   -12  5.22  -5.2 -2.61   2.6 -2.61   2.6  17.9 -8.96 -8.96 
  177   -24    24    12   -12    12   -12  5.13 -5.11 -2.57  2.56 -2.57  2.56  15.6 -7.82 -7.82 
  178   -24    24    12   -12    12   -12  5.04 -5.03 -2.52  2.52 -2.52  2.52  13.4 -6.71 -6.71 
  178   -24    24    12   -12    12   -12  4.96 -4.95 -2.48  2.47 -2.48  2.47  11.2 -5.61 -5.61 
  179   -24    24    12   -12    12   -12  4.87 -4.86 -2.44  2.43 -2.44  2.43  9.09 -4.55 -4.55 
  179   -24    24    12   -12    12   -12  4.79 -4.78 -2.39  2.39 -2.39  2.39     7  -3.5  -3.5 
  180   -24    24    12   -12    12   -12   4.7  -4.7 -2.35  2.35 -2.35  2.35  4.95 -2.47 -2.47 
  180   -24    24    12   -12    12   -12  4.62 -4.62 -2.31  2.31 -2.31  2.31  2.94 -1.47 -1.47 
  181   -24    24    12   -12    12   -12  4.53 -4.53 -2.27  2.27 -2.27  2.27 0.975 -0.488 -0.488 
  181   -24    24    12   -12    12   -12  4.45 -4.45 -2.22  2.23 -2.22  2.23 -0.945 0.473 0.473 
  181   -24    24    12   -12    12   -12  4.37 -4.37 -2.18  2.18 -2.18  2.18 -2.82  1.41  1.41 
  182   -24    24    12   -12    12   -12  4.28 -4.29 -2.14  2.14 -2.14  2.14 -4.66  2.33  2.33 
  182   -24    24    12   -12    12   -12   4.2  -4.2  -2.1   2.1  -2.1   2.1 -6.45  3.23  3.23 
  183   -24    24    12   -12    12   -12  4.11 -4.12 -2.06  2.06 -2.06  2.06  -8.2   4.1   4.1 
  183   -24    24    12   -12    12   -12  4.03 -4.04 -2.02  2.02 -2.02  2.02 -9.91  4.96  4.96 
  184   -24    24    12   -12    12   -12  3.95 -3.96 -1.97  1.98 -1.97  1.98 -11.6  5.79  5.79 
  184   -24    24    12   -12    12   -12  3.86 -3.88 -1.93  1.94 -1.93  1.94 -13.2  6.61  6.61 
  185   -24    24    12   -12    12   -12  3.78  -3.8 -1.89   1.9 -1.89   1.9 -14.8   7.4   7.4 
  185   -24    24    12   -12    12   -12   3.7 -3.71 -1.85  1.86 -1.85  1.86 -16.3  8.17  8.17 
  186   -24    24    12   -12    12   -12  3.62 -3.63 -1.81  1.82 -1.81  1.82 -17.9  8.93  8.93 
  186   -24    24    12   -12    12   -12  3.53 -3.55 -1.77  1.78 -1.77  1.78 -19.3  9.66  9.66 
  186   -24    24    12   -12    12   -12  3.45 -3.47 -1.73  1.74 -1.73  1.74 -20.7  10.4  10.4 
  187   -24    24    12   -12    12   -12  3.37 -3.39 -1.68   1.7 -1.68   1.7 -22.1  11.1  11.1 
  187   -24    24    12   -12    12   -12  3.29 -3.31 -1.64  1.66 -1.64  1.66 -23.5  11.7  11.7 
  188   -24    24    12   -12    12   -12  3.21 -3.23  -1.6  1.62  -1.6  1.62 -24.8  12.4  12.4 
  188   -24    24    12   -12    12   -12  3.12 -3.15 -1.56  1.57 -1.56  1.57 -26.1    13    13 
  189   -24    24    12   -12    12   -12  3.04 -3.07 -1.52  1.53 -1.52  1.53 -27.3  13.7  13.7 
  189   -24    24    12   -12    12   -12  2.96 -2.99 -1.48   1.5 -1.48   1.5 -28.5  14.3  14.3 
  190   -24    24    12   -12    12   -12  2.88 -2.91 -1.44  1.46 -1.44  1.46 -29.7  14.8  14.8 
  190   -24    24    12   -12    12   -12   2.8 -2.83  -1.4  1.42  -1.4  1.42 -30.8  15.4  15.4 
  190   -24    24    12   -12    12   -12  2.72 -2.75 -1.36  1.38 -1.36  1.38 -31.9  15.9  15.9 
  191   -24    24    12   -12    12   -12  2.64 -2.67 -1.32  1.34 -1.32  1.34 -32.9  16.5  16.5 
  191   -24    24    12   -12    12   -12  2.56 -2.59 -1.28   1.3 -1.28   1.3 -33.9    17    17 
  192   -24    24    12   -12    12   -12  2.48 -2.51 -1.24  1.26 -1.24  1.26 -34.9  17.5  17.5 
  192   -24    24    12   -12    12   -12   2.4 -2.43  -1.2  1.22  -1.2  1.22 -35.9  17.9  17.9 
  193   -24    24    12   -12    12   -12  2.32 -2.36 -1.16  1.18 -1.16  1.18 -36.8  18.4  18.4 
  193   -24    24    12   -12    12   -12  2.24 -2.28 -1.12  1.14 -1.12  1.14 -37.6  18.8  18.8 
  194   -24    24    12   -12    12   -12  2.16  -2.2 -1.08   1.1 -1.08   1.1 -38.5  19.2  19.2 
  194   -24    24    12   -12    12   -12  2.08 -2.12 -1.04  1.06 -1.04  1.06 -39.3  19.6  19.6 
  195   -24    24    12   -12    12   -12     2 -2.04    -1  1.02    -1  1.02   -40    20    20 
  195   -24    24    12   -12    12   -12  1.92 -1.96 -0.962 0.982 -0.962 0.982 -40.8  20.4  20.4 
  195   -24    24    12   -12    12   -12  1.84 -1.89 -0.922 0.943 -0.922 0.943 -41.5  20.7  20.7 
  196   -24    24    12   -12    12   -12  1.77 -1.81 -0.883 0.904 -0.883 0.904 -42.1  21.1  21.1 
  196   -24    24    12   -12    12   -12  1.69 -1.73 -0.844 0.865 -0.844 0.865 -42.8  21.4  21.4 
  197   -24    24    12   -12    12   -12  1.61 -1.65 -0.805 0.826 -0.805 0.826 -43.4  21.7  21.7 
  197   -24    24    12   -12    12   -12  1.53 -1.58 -0.766 0.788 -0.766 0.788 -43.9    22    22 
  198   -24    24    12   -12    12   -12  1.45  -1.5 -0.727 0.749 -0.727 0.749 -44.5  22.2  22.2 
  198   -24    24    12   -12    12   -12  1.38 -1.42 -0.688 0.711 -0.688 0.711   -45  22.5  22.5 
  199   -24    24    12   -12    12   -12   1.3 -1.34 -0.649 0.672 -0.649 0.672 -45.4  22.7  22.7 
  199   -24    24    12   -12    12   -12  1.22 -1.27 -0.611 0.634 -0.611 0.634 -45.9  22.9  22.9 
  199   -24    24    12   -12    12   -12  1.14 -1.19 -0.572 0.595 -0.572 0.595 -46.3  23.1  23.1 
  200   -24    24    12   -12    12   -12  1.07 -1.11 -0.534 0.557 -0.534 0.557 -46.6  23.3  23.3 
  200   -24    24    12   -12    12   -12 0.991 -1.04 -0.495 0.519 -0.495 0.519   -47  23.5  23.5 
  201   -24    24    12   -12    12   -12 0.914 -0.962 -0.457 0.481 -0.457 0.481 -47.3  23.6  23.6 
  201   -24    24    12   -12    12   -12 0.838 -0.885 -0.419 0.443 -0.419 0.443 -47.6  23.8  23.8 
  202   -24    24    12   -12    12   -12 0.762 -0.809 -0.381 0.405 -0.381 0.405 -47.8  23.9  23.9 
  202   -24    24    12   -12    12   -12 0.685 -0.733 -0.343 0.367 -0.343 0.367   -48    24    24 
  203   -24    24    12   -12    12   -12  0.61 -0.658 -0.305 0.329 -0.305 0.329 -48.2  24.1  24.1 
  203   -24    24    12   -12    12   -12 0.534 -0.582 -0.267 0.291 -0.267 0.291 -48.4  24.2  24.2 
  204   -24    24    12   -12    12   -12 0.458 -0.507 -0.229 0.253 -0.229 0.253 -48.5  24.3  24.3 
  204   -24    24    12   -12    12   -12 0.383 -0.431 -0.191 0.216 -0.191 0.216 -48.6  24.3  24.3 
  204   -24    24    12   -12    12   -12 0.308 -0.356 -0.154 0.178 -0.154 0.178 -48.7  24.3  24.3 
  205   -24    24    12   -12    12   -12 0.232 -0.281 -0.116 0.141 -0.116 0.141 -48.7  24.4  24.4 
  205   -24    24    12   -12    12   -12 0.158 -0.206 -0.0788 0.103 -0.0788 0.103 -48.7  24.4  24.4 
  206   -24    24    12   -12    12   -12 0.0828 -0.131 -0.0414 0.0657 -0.0414 0.0657 -48.7  24.4  24.4 
  206   -24    24    12   -12    12   -12 0.00817 -0.0568 -0.00409 0.0284 -0.00409 0.0284 -48.7  24.3  24.3 
  207   -24    24    12   -12    12   -12 -0.0663 0.0177 0.0331 -0.00883 0.0331 -0.00883 -48.6  24.3  24.3 
  207   -24    24    12   -12    12   -12 -0.141 0.092 0.0703 -0.046 0.0703 -0.046 -48.5  24.3  24.3 
  208   -24    24    12   -12    12   -12 -0.215 0.166 0.107 -0.0831 0.107 -0.0831 -48.4  24.2  24.2 
  208   -24    24    12   -12    12   -12 -0.289  0.24 0.144 -0.12 0.144 -0.12 -48.2  24.1  24.1 
  208   -24    24    12   -12    12   -12 -0.362 0.314 0.181 -0.157 0.181 -0.157   -48    24    24 
  209   -24    24    12   -12    12   -12 -0.436 0.388 0.218 -0.194 0.218 -0.194 -47.8  23.9  23.9 
  209   -24    24    12   -12    12   -12 -0.509 0.462 0.255 -0.231 0.255 -0.231 -47.6  23.8  23.8 
  210   -24    24    12   -12    12   -12 -0.583 0.535 0.291 -0.268 0.291 -0.268 -47.3  23.7  23.7 
  210   -24    24    12   -12    12   -12 -0.656 0.609 0.328 -0.304 0.328 -0.304 -47.1  23.5  23.5 
  211   -24    24    12   -12    12   -12 -0.729 0.682 0.364 -0.341 0.364 -0.341 -46.7  23.4  23.4 
  211   -24    24    12   -12    12   -12 -0.802 0.755 0.401 -0.378 0.401 -0.378 -46.4  23.2  23.2 
  212   -24    24    12   -12    12   -12 -0.874 0.828 0.437 -0.414 0.437 -0.414   -46    23    23 
  212   -24    24    12   -12    12   -12 -0.947 0.901 0.473 -0.451 0.473 -0.451 -45.7  22.8  22.8 
  213   -24    24    12   -12    12   -12 -1.02 0.974  0.51 -0.487  0.51 -0.487 -45.2  22.6  22.6 
  213   -24    24    12   -12    12   -12 -1.09  1.05 0.546 -0.523 0.546 -0.523 -44.8  22.4  22.4 
  213   -24    24    12   -12    12   -12 -1.16  1.12 0.582 -0.56 0.582 -0.56 -44.3  22.2  22.2 
  214   -24    24    12   -12    12   -12 -1.24  1.19 0.618 -0.596 0.618 -0.596 -43.8  21.9  21.9 
  214   -24    24    12   -12    12   -12 -1.31  1.26 0.654 -0.632 0.654 -0.632 -43.3  21.7  21.7 
  215   -24    24    12   -12    12   -12 -1.38  1.34 0.689 -0.668 0.689 -0.668 -42.8  21.4  21.4 
  215   -24    24    12   -12    12   -12 -1.45  1.41 0.725 -0.704 0.725 -0.704 -42.2  21.1  21.1 
  216   -24    24    12   -12    12   -12 -1.52  1.48 0.761 -0.74 0.761 -0.74 -41.6  20.8  20.8 
  216   -24    24    12   -12    12   -12 -1.59  1.55 0.796 -0.776 0.796 -0.776   -41  20.5  20.5 
  217   -24    24    12   -12    12   -12 -1.66  1.62 0.832 -0.811 0.832 -0.811 -40.4  20.2  20.2 
  217   -24    24    12   -12    12   -12 -1.73  1.69 0.867 -0.847 0.867 -0.847 -39.8  19.9  19.9 
  217   -24    24    12   -12    12   -12  -1.8  1.77 0.902 -0.883 0.902 -0.883 -39.1  19.5  19.5 
  218   -24    24    12   -12    12   -12 -1.88  1.84 0.938 -0.918 0.938 -0.918 -38.4  19.2  19.2 
  218   -24    24    12   -12    12   -12 -1.95  1.91 0.973 -0.954 0.973 -0.954 -37.7  18.8  18.8 
  219   -24    24    12   -12    12   -12 -2.02  1.98  1.01 -0.989  1.01 -0.989 -36.9  18.5  18.5 
  219   -24    24    12   -12    12   -12 -2.09  2.05  1.04 -1.02  1.04 -1.02 -36.1  18.1  18.1 
  220   -24    24    12   -12    12   -12 -2.16  2.12  1.08 -1.06  1.08 -1.06 -35.3  17.7  17.7 
  220   -24    24    12   -12    12   -12 -2.23  2.19  1.11  -1.1  1.11  -1.1 -34.5  17.3  17.3 
  221   -24    24    12   -12    12   -12 -2.29  2.26  1.15 -1.13  1.15 -1.13 -33.7  16.9  16.9 
  221   -24    24    12   -12    12   -12 -2.36  2.33  1.18 -1.17  1.18 -1.17 -32.9  16.4  16.4 
  222   -24    24    12   -12    12   -12 -2.43   2.4  1.22  -1.2  1.22  -1.2   -32    16    16 
  222   -24    24    12   -12    12   -12  -2.5  2.47  1.25 -1.24  1.25 -1.24 -31.1  15.5  15.5 
  222   -24    24    12   -12    12   -12 -2.57  2.54  1.29 -1.27  1.29 -1.27 -30.2  15.1  15.1 
  223   -24    24    12   -12    12   -12 -2.64  2.61  1.32 -1.31  1.32 -1.31 -29.2  14.6  14.6 
  223   -24    24    12   -12    12   -12 -2.71  2.68  1.35 -1.34  1.35 -1.34 -28.3  14.1  14.1 
  224   -24    24    12   -12    12   -12 -2.78  2.75  1.39 -1.38  1.39 -1.38 -27.3  13.6  13.6 
  224   -24    24    12   -12    12   -12 -2.85  2.82  1.42 -1.41  1.42 -1.41 -26.3  13.1  13.1 
  225   -24    24    12   -12    12   -12 -2.91  2.89  1.46 -1.44  1.46 -1.44 -25.3  12.6  12.6 
  225   -24    24    12   -12    12   -12 -2.98  2.96  1.49 -1.48  1.49 -1.48 -24.2  12.1  12.1 
  226   -24    24    12   -12    12   -12 -3.05  3.03  1.53 -1.51  1.53 -1.51 -23.2  11.6  11.6 
  226   -24    24    12   -12    12   -12 -3.12   3.1  1.56 -1.55  1.56 -1.55 -22.1    11    11 
  226   -24    24    12   -12    12   -12 -3.19  3.16  1.59 -1.58  1.59 -1.58   -21  10.5  10.5 
  227   -24    24    12   -12    12   -12 -3.25  3.23  1.63 -1.62  1.63 -1.62 -19.9  9.94  9.94 
  227   -24    24    12   -12    12   -12 -3.32   3.3  1.66 -1.65  1.66 -1.65 -18.7  9.37  9.37 
  228   -24    24    12   -12    12   -12 -3.39  3.37  1.69 -1.69  1.69 -1.69 -17.6   8.8   8.8 
  228   -24    24    12   -12    12   -12 -3.46  3.44  1.73 -1.72  1.73 -1.72 -16.4  8.21  8.21 
  229   -24    24    12   -12    12   -12 -3.52  3.51  1.76 -1.75  1.76 -1.75 -15.2  7.62  7.62 
  229   -24    24    12   -12    12   -12 -3.59  3.57  1.79 -1.79  1.79 -1.79   -14  7.01  7.01 
  230   -24    24    12   -12    12   -12 -3.66  3.64  1.83 -1.82  1.83 -1.82 -12.8   6.4   6.4 
  230   -24    24    12   -12    12   -12 -3.72  3.71  1.86 -1.86  1.86 -1.86 -11.6  5.78  5.78 
  231   -24    24    12   -12    12   -12 -3.79  3.78  1.89 -1.89  1.89 -1.89 -10.3  5.15  5.15 
  231   -24    24    12   -12    12   -12 -3.85  3.85  1.93 -1.92  1.93 -1.92 -9.01  4.51  4.51 
  231   -24    24    12   -12    12   -12 -3.92  3.91  1.96 -1.96  1.96 -1.96 -7.71  3.86  3.86 
  232   -24    24    12   -12    12   -12 -3.99  3.98  1.99 -1.99  1.99 -1.99  -6.4   3.2   3.2 
  232   -24    24    12   -12    12   -12 -4.05  4.05  2.03 -2.02  2.03 -2.02 -5.07  2.53  2.53 
  233   -24    24    12   -12    12   -12 -4.12  4.11  2.06 -2.06  2.06 -2.06 -3.72  1.86  1.86 
  233   -24    24    12   -12    12   -12 -4.18  4.18  2.09 -2.09  2.09 -2.09 -2.36  1.18  1.18 
  234   -24    24    12   -12    12   -12 -4.25  4.25  2.12 -2.12  2.12 -2.12 -0.976 0.488 0.488 
  234   -24    24    12   -12    12   -12 -4.31  4.31  2.16 -2.16  2.16 -2.16 0.422 -0.211 -0.211 
  235   -24    24    12   -12    12   -12 -4.38  4.38  2.19 -2.19  2.19 -2.19  1.84 -0.918 -0.918 
  235   -24    24    12   -12    12   -12 -4.44  4.45  2.22 -2.22  2.22 -2.22  3.27 -1.63 -1.63 
  235   -24    24    12   -12    12   -12 -4.51  4.51  2.25 -2.26  2.25 -2.26  4.71 -2.36 -2.36 
  236   -24    24    12   -12    12   -12 -4.57  4.58  2.29 -2.29  2.29 -2.29  6.17 -3.09 -3.09 
  236   -24    24    12   -12    12   -12 -4.64  4.65  2.32 -2.32  2.32 -2.32  7.65 -3.82 -3.82 
  237   -24    24    12   -12    12   -12  -4.7  4.71  2.35 -2.36  2.35 -2.36  9.14 -4.57 -4.57 
  237   -24    24    12   -12    12   -12 -4.77  4.78  2.38 -2.39  2.38 -2.39  10.7 -5.33 -5.33 
  238   -24    24    12   -12    12   -12 -4.83  4.84  2.42 -2.42  2.42 -2.42  12.2 -6.09 -6.09 
  238   -24    24    12   -12    12   -12 -4.89  4.91  2.45 -2.45  2.45 -2.45  13.7 -6.86 -6.86 
  239   -24    24    12   -12    12   -12 -4.96  4.97  2.48 -2.49  2.48 -2.49  15.3 -7.63 -7.63 
  239   -24    24    12   -12    12   -12 -5.02  5.04  2.51 -2.52  2.51 -2.52  16.8 -8.42 -8.42 
  240   -24    24    12   -12    12   -12 -5.09   5.1  2.54 -2.55  2.54 -2.55  18.4 -9.21 -9.21 
  240   -24    24    12   -12    12   -12 -5.15  5.17  2.57 -2.58  2.57 -2.58    20   -10   -10 
  240   -24    24    12   -12    12   -12 -5.21  5.23  2.61 -2.62  2.61 -2.62  21.6 -10.8 -10.8 
  241   -24    24    12   -12    12   -12 -5.28   5.3  2.64 -2.65  2.64 -2.65  23.2 -11.6 -11.6 
  241   -24    24    12   -12    12   -12 -5.34  5.36  2.67 -2.68  2.67 -2.68  24.9 -12.4 -12.4 
  242   -24    24    12   -12    12   -12  -5.4  5.43   2.7 -2.71   2.7 -2.71  26.5 -13.3 -13.3 
  242   -24    24    12   -12    12   -12 -5.46  5.49  2.73 -2.75  2.73 -2.75  28.2 -14.1 -14.1 
  243   -24    24    12   -12    12   -12 -5.53  5.56  2.76 -2.78  2.76 -2.78  29.9 -14.9 -14.9 
  243   -24    24    12   -12    12   -12 -5.59  5.62  2.79 -2.81  2.79 -2.81  31.6 -15.8 -15.8 
  244   -24    24    12   -12    12   -12 -5.65  5.69  2.83 -2.84  2.83 -2.84  33.3 -16.6 -16.6 
  244   -24    24    12   -12    12   -12 -5.71  5.75  2.86 -2.87  2.86 -2.87    35 -17.5 -17.5 
  244   -24    24    12   -12    12   -12 -5.78  5.81  2.89 -2.91  2.89 -2.91  36.7 -18.4 -18.4 
  245   -24    24    12   -12    12   -12 -5.84  5.88  2.92 -2.94  2.92 -2.94  38.5 -19.2 -19.2 
  245   -24    24    12   -12    12   -12  -5.9  5.94  2.95 -2.97  2.95 -2.97  40.2 -20.1 -20.1 
  246   -24    24    12   -12    12   -12 -5.96     6  2.98    -3  2.98    -3    42   -21   -21 
  246   -24    24    12   -12    12   -12 -6.02  6.07  3.01 -3.03  3.01 -3.03  43.8 -21.9 -21.9 
  247   -24    24    12   -12    12   -12 -6.08  6.13  3.04 -3.07  3.04 -3.07  45.6 -22.8 -22.8 
  247   -24    24    12   -12    12   -12 -6.15  6.19  3.07  -3.1  3.07  -3.1  47.4 -23.7 -23.7 
  248   -24    24    12   -12    12   -12 -6.21  6.26   3.1 -3.13   3.1 -3.13  49.2 -24.6 -24.6 
  248   -24    24    12   -12    12   -12 -6.27  6.32  3.13 -3.16  3.13 -3.16    51 -25.5 -25.5 
  249   -24    24    12   -12    12   -12 -6.33  6.38  3.16 -3.19  3.16 -3.19  52.9 -26.4 -26.4 
  249   -24    24    12   -12    12   -12 -6.39  6.44  3.19 -3.22  3.19 -3.22  54.7 -27.4 -27.4 
  249   -24    24    12   -12    12   -12 -6.45  6.51  3.23 -3.25  3.23 -3.25  56.6 -28.3 -28.3 
  250   -24    24    12   -12    12   -12 -6.51  6.57  3.26 -3.28  3.26 -3.28  58.5 -29.2 -29.2 
  250   -24    24    12   -12    12   -12 -6.57  6.63  3.29 -3.32  3.29 -3.32  60.4 -30.2 -30.2 
  251   -24    24    12   -12    12   -12 -6.63  6.69  3.32 -3.35  3.32 -3.35  62.3 -31.1 -31.1 
  251   -24    24    12   -12    12   -12 -6.69  6.76  3.35 -3.38  3.35 -3.38  64.2 -32.1 -32.1 
  252   -24    24    12   -12    12   -12 -6.75  6.82  3.38 -3.41  3.38 -3.41  66.1 -33.1 -33.1 
  252   -24    24    12   -12    12   -12 -6.81  6.88  3.41 -3.44  3.41 -3.44    68   -34   -34 
  253   -24    24    12   -12    12   -12 -6.87  6.94  3.44 -3.47  3.44 -3.47    70   -35   -35 
  253   -24    24    12   -12    12   -12 -6.93     7  3.47  -3.5  3.47  -3.5  71.9   -36   -36 
  253   -24    24    12   -12    12   -12 -6.99  7.06   3.5 -3.53   3.5 -3.53  73.9   -37   -37 
  254   -24    24    12   -12    12   -12 -7.05  7.13  3.53 -3.56  3.53 -3.56  75.9 -37.9 -37.9 
  254   -24    24    12   -12    12   -12 -7.11  7.19  3.55 -3.59  3.55 -3.59  77.9 -38.9 -38.9 
  255   -24    24    12   -12    12   -12 -7.17  7.25  3.58 -3.62  3.58 -3.62  79.9 -39.9 -39.9 
  255   -24    24    12   -12    12   -12 -7.23  7.31  3.61 -3.65  3.61 -3.65  81.9 -40.9 -40.9 
  256   -24    24    12   -12    12   -12 -7.29  7.37  3.64 -3.69  3.64 -3.69  83.9 -41.9 -41.9 
  256   -24    24    12   -12    12   -12 -7.35  7.43  3.67 -3.72  3.67 -3.72  85.9   -43   -43 
  257   -24    24    12   -12    12   -12  -7.4  7.49   3.7 -3.75   3.7 -3.75  87.9   -44   -44 
  257   -24    24    12   -12    12   -12 -7.46  7.55  3.73 -3.78  3.73 -3.78    90   -45   -45 
  258   -24    24    12   -12    12   -12 -7.52  7.61  3.76 -3.81  3.76 -3.81    92   -46   -46 
  258   -24    24    12   -12    12   -12 -7.58  7.67  3.79 -3.84  3.79 -3.84  94.1   -47   -47 
  258   -24    24    12   -12    12   -12 -7.64  7.73  3.82 -3.87  3.82 -3.87  96.2 -48.1 -48.1 
  259   -24    24    12   -12    12   -12  -7.7  7.79  3.85  -3.9  3.85  -3.9  98.2 -49.1 -49.1 
  259   -24    24    12   -12    12   -12 -7.75  7.85  3.88 -3.93  3.88 -3.93   100 -50.2 -50.2 
  260   -24    24    12   -12    12   -12 -7.81  7.91  3.91 -3.96  3.91 -3.96   102 -51.2 -51.2 
  260   -24    24    12   -12    12   -12 -7.87  7.97  3.93 -3.99  3.93 -3.99   105 -52.3 -52.3 
  261   -24    24    12   -12    12   -12 -7.93  8.03  3.96 -4.02  3.96 -4.02   107 -53.3 -53.3 
  261   -24    24    12   -12    12   -12 -7.98  8.09  3.99 -4.05  3.99 -4.05   109 -54.4 -54.4 
  262   -24    24    12   -12    12   -12 -8.04  8.15  4.02 -4.08  4.02 -4.08   111 -55.4 -55.4 
  262   -24    24    12   -12    12   -12  -8.1  8.21  4.05 -4.11  4.05 -4.11   113 -56.5 -56.5 
  262   -24    24    12   -12    12   -12 -8.16  8.27  4.08 -4.14  4.08 -4.14   115 -57.6 -57.6 
  263   -24    24    12   -12    12   -12 -8.21  8.33  4.11 -4.16  4.11 -4.16   117 -58.7 -58.7 
  263   -24    24    12   -12    12   -12 -8.27  8.39  4.13 -4.19  4.13 -4.19   119 -59.7 -59.7 
  264   -24    24    12   -12    12   -12 -8.33  8.45  4.16 -4.22  4.16 -4.22   122 -60.8 -60.8 
  264   -24    24    12   -12    12   -12 -8.38  8.51  4.19 -4.25  4.19 -4.25   124 -61.9 -61.9 
  265   -24    24    12   -12    12   -12 -8.44  8.56  4.22 -4.28  4.22 -4.28   126   -63   -63 
  265   -24    24    12   -12    12   -12 -8.49  8.62  4.25 -4.31  4.25 -4.31   128 -64.1 -64.1 
  266   -24    24    12   -12    12   -12 -8.55  8.68  4.28 -4.34  4.28 -4.34   130 -65.2 -65.2 
  266   -24    24    12   -12    12   -12 -8.61  8.74   4.3 -4.37   4.3 -4.37   133 -66.3 -66.3 
  267   -24    24    12   -12    12   -12 -8.66   8.8  4.33  -4.4  4.33  -4.4   135 -67.4 -67.4 
  267   -24    24    12   -12    12   -12 -8.72  8.86  4.36 -4.43  4.36 -4.43   137 -68.5 -68.5 
  267   -24    24    12   -12    12   -12 -8.77  8.91  4.39 -4.46  4.39 -4.46   139 -69.6 -69.6 
  268   -24    24    12   -12    12   -12 -8.83  8.97  4.42 -4.49  4.42 -4.49   142 -70.8 -70.8 
  268   -24    24    12   -12    12   -12 -8.89  9.03  4.44 -4.51  4.44 -4.51   144 -71.9 -71.9 
  269   -24    24    12   -12    12   -12 -8.94  9.09  4.47 -4.54  4.47 -4.54   146   -73   -73 
  269   -24    24    12   -12    12   -12    -9  9.15   4.5 -4.57   4.5 -4.57   148 -74.1 -74.1 
  270   -24    24    12   -12    12   -12 -9.05   9.2  4.53  -4.6  4.53  -4.6   151 -75.3 -75.3 
  270   -24    24    12   -12    12   -12 -9.11  9.26  4.55 -4.63  4.55 -4.63   153 -76.4 -76.4 
  271   -24    24    12   -12    12   -12 -9.16  9.32  4.58 -4.66  4.58 -4.66   155 -77.5 -77.5 
  271   -24    24    12   -12    12   -12 -9.22  9.37  4.61 -4.69  4.61 -4.69   157 -78.7 -78.7 
  271   -24    24    12   -12    12   -12 -9.27  9.43  4.64 -4.72  4.64 -4.72   160 -79.8 -79.8 
  272   -24    24    12   -12    12   -12 -9.33  9.49  4.66 -4.74  4.66 -4.74   162   -81   -81 
  272   -24    24    12   -12    12   -12 -9.38  9.54  4.69 -4.77  4.69 -4.77   164 -82.1 -82.1 
  273   -24    24    12   -12    12   -12 -9.43   9.6  4.72  -4.8  4.72  -4.8   167 -83.3 -83.3 
  273   -24    24    12   -12    12   -12 -9.49  9.66  4.74 -4.83  4.74 -4.83   169 -84.4 -84.4 
  274   -24    24    12   -12    12   -12 -9.54  9.71  4.77 -4.86  4.77 -4.86   171 -85.6 -85.6 
  274   -24    24    12   -12    12   -12  -9.6  9.77   4.8 -4.89   4.8 -4.89   173 -86.7 -86.7 
  275   -24    24    12   -12    12   -12 -9.65  9.83  4.83 -4.91  4.83 -4.91   176 -87.9 -87.9 
  275   -24    24    12   -12    12   -12 -9.71  9.88  4.85 -4.94  4.85 -4.94   178 -89.1 -89.1 
  276   -24    24    12   -12    12   -12 -9.76  9.94  4.88 -4.97  4.88 -4.97   180 -90.2 -90.2 
  276   -24    24    12   -12    12   -12 -9.81    10  4.91    -5  4.91    -5   183 -91.4 -91.4 
  276   -24    24    12   -12    12   -12 -9.87  10.1  4.93 -5.03  4.93 -5.03   185 -92.6 -92.6 
  277   -24    24    12   -12    12   -12 -9.92  10.1  4.96 -5.05  4.96 -5.05   188 -93.8 -93.8 
  277   -24    24    12   -12    12   -12 -9.97  10.2  4.99 -5.08  4.99 -5.08   190 -94.9 -94.9 
  278   -24    24    12   -12    12   -12   -10  10.2  5.01 -5.11  5.01 -5.11   192 -96.1 -96.1 
  278   -24    24    12   -12    12   -12 -10.1  10.3  5.04 -5.14  5.04 -5.14   195 -97.3 -97.3 
  279   -24    24    12   -12    12   -12 -10.1  10.3  5.07 -5.16  5.07 -5.16   197 -98.5 -98.5 
  279   -24    24    12   -12    12   -12 -10.2  10.4  5.09 -5.19  5.09 -5.19   199 -99.7 -99.7 
  280   -24    24    12   -12    12   -12 -10.2  10.4  5.12 -5.22  5.12 -5.22   202  -101  -101 
  280   -24    24    12   -12    12   -12 -10.3  10.5  5.14 -5.25  5.14 -5.25   204  -102  -102 
  280   -24    24    12   -12    12   -12 -10.3  10.5  5.17 -5.27  5.17 -5.27   206  -103  -103 
  281   -24    24    12   -12    12   -12 -10.4  10.6   5.2  -5.3   5.2  -5.3   209  -104  -104 
  281   -24    24    12   -12    12   -12 -10.4  10.7  5.22 -5.33  5.22 -5.33   211  -106  -106 
  282   -24    24    12   -12    12   -12 -10.5  10.7  5.25 -5.36  5.25 -5.36   214  -107  -107 
  282   -24    24    12   -12    12   -12 -10.6  10.8  5.28 -5.38  5.28 -5.38   216  -108  -108 
  283   -24    24    12   -12    12   -12 -10.6  10.8   5.3 -5.41   5.3 -5.41   218  -109  -109 
  283   -24    24    12   -12    12   -12 -10.7  10.9  5.33 -5.44  5.33 -5.44   221  -110  -110 
  284   -24    24    12   -12    12   -12 -10.7  10.9  5.35 -5.46  5.35 -5.46   223  -112  -112 
  284   -24    24    12   -12    12   -12 -10.8    11  5.38 -5.49  5.38 -5.49   226  -113  -113 
  285   -24    24    12   -12    12   -12 -10.8    11   5.4 -5.52   5.4 -5.52   228  -114  -114 
  285   -24    24    12   -12    12   -12 -10.9  11.1  5.43 -5.55  5.43 -5.55   231  -115  -115 
  285   -24    24    12   -12    12   -12 -10.9  11.1  5.46 -5.57  5.46 -5.57   233  -116  -116 
  286   -24    24    12   -12    12   -12   -11  11.2  5.48  -5.6  5.48  -5.6   235  -118  -118 
  286   -24    24    12   -12    12   -12   -11  11.3  5.51 -5.63  5.51 -5.63   238  -119  -119 
  287   -24    24    12   -12    12   -12 -11.1  11.3  5.53 -5.65  5.53 -5.65   240  -120  -120 
  287   -24    24    12   -12    12   -12 -11.1  11.4  5.56 -5.68  5.56 -5.68   243  -121  -121 
  288   -24    24    12   -12    12   -12 -11.2  11.4  5.58 -5.71  5.58 -5.71   245  -123  -123 
  288   -24    24    12   -12    12   -12 -11.2  11.5  5.61 -5.73  5.61 -5.73   248  -124  -124 
  289   -24    24    12   -12    12   -12 -11.3  11.5  5.63 -5.76  5.63 -5.76   250  -125  -125 
  289   -24    24    12   -12    12   -12 -11.3  11.6  5.66 -5.79  5.66 -5.79   253  -126  -126 
  289   -24    24    12   -12    12   -12 -11.4  11.6  5.68 -5.81  5.68 -5.81   255  -127  -127 
  290   -24    24    12   -12    12   -12 -11.4  11.7  5.71 -5.84  5.71 -5.84   257  -129  -129 
  290   -24    24    12   -12    12   -12 -11.5  11.7  5.73 -5.86  5.73 -5.86   260  -130  -130 
  291   -24    24    12   -12    12   -12 -11.5  11.8  5.76 -5.89  5.76 -5.89   262  -131  -131 
  291   -24    24    12   -12    12   -12 -11.6  11.8  5.78 -5.92  5.78 -5.92   265  -132  -132 
  292   -24    24    12   -12    12   -12 -11.6  11.9  5.81 -5.94  5.81 -5.94   267  -134  -134 
  292   -24    24    12   -12    12   -12 -11.7  11.9  5.83 -5.97  5.83 -5.97   270  -135  -135 
  293   -24    24    12   -12    12   -12 -11.7    12  5.86    -6  5.86    -6   272  -136  -136 
  293   -24    24    12   -12    12   -12 -11.8    12  5.88 -6.02  5.88 -6.02   275  -137  -137 
  294   -24    24    12   -12    12   -12 -11.8  12.1  5.91 -6.05  5.91 -6.05   277  -139  -139 
  294   -24    24    12   -12    12   -12 -11.9  12.1  5.93 -6.07  5.93 -6.07   280  -140  -140 
  294   -24    24    12   -12    12   -12 -11.9  12.2  5.96  -6.1  5.96  -6.1   282  -141  -141 
  295   -24    24    12   -12    12   -12   -12  12.2  5.98 -6.12  5.98 -6.12   285  -142  -142 
  295   -24    24    12   -12    12   -12   -12  12.3  6.01 -6.15  6.01 -6.15   287  -144  -144 
  296   -24    24    12   -12    12   -12 -12.1  12.4  6.03 -6.18  6.03 -6.18   290  -145  -145 
  296   -24    24    12   -12    12   -12 -12.1  12.4  6.06  -6.2  6.06  -6.2   292  -146  -146 
  297   -24    24    12   -12    12   -12 -12.2  12.5  6.08 -6.23  6.08 -6.23   295  -147  -147 
  297   -24    24    12   -12    12   -12 -12.2  12.5   6.1 -6.25   6.1 -6.25   297  -149  -149 
  298   -24    24    12   -12    12   -12 -12.3  12.6  6.13 -6.28  6.13 -6.28   299  -150  -150 
  298   -24    24    12   -12    12   -12 -12.3  12.6  6.15  -6.3  6.15  -6.3   302  -151  -151 
  298   -24    24    12   -12    12   -12 -12.4  12.7  6.18 -6.33  6.18 -6.33   304  -152  -152 
  299   -24    24    12   -12    12   -12 -12.4  12.7   6.2 -6.35   6.2 -6.35   307  -153  -153 
  299   -24    24    12   -12    12   -12 -12.5  12.8  6.23 -6.38  6.23 -6.38   309  -155  -155 
  300   -24    24    12   -12    12   -12 -12.5  12.8  6.25 -6.41  6.25 -6.41   312  -156  -156 
  300    24   -24   -12    12   -12    12 -12.5  12.8  6.24 -6.39  6.24 -6.39   310  -155  -155 
  301    24   -24   -12    12   -12    12 -12.4  12.7  6.19 -6.34  6.19 -6.34   303  -151  -151 
  301    24   -24   -12    12   -12    12 -12.3  12.6  6.14 -6.29  6.14 -6.29   296  -148  -148 
  302    24   -24   -12    12   -12    12 -12.2  12.5  6.09 -6.24  6.09 -6.24   289  -145  -145 
  302    24   -24   -12    12   -12    12 -12.1  12.4  6.05 -6.19  6.05 -6.19   282  -141  -141 
  303    24   -24   -12    12   -12    12   -12  12.3     6 -6.14     6 -6.14   276  -138  -138 
  303    24   -24   -12    12   -12    12 -11.9  12.2  5.95 -6.08  5.95 -6.08   269  -135  -135 
  303    24   -24   -12    12   -12    12 -11.8  12.1   5.9 -6.03   5.9 -6.03   262  -131  -131 
  304    24   -24   -12    12   -12    12 -11.7    12  5.85 -5.98  5.85 -5.98   256  -128  -128 
  304    24   -24   -12    12   -12    12 -11.6  11.9  5.81 -5.93  5.81 -5.93   250  -125  -125 
  305    24   -24   -12    12   -12    12 -11.5  11.8  5.76 -5.88  5.76 -5.88   243  -122  -122 
  305    24   -24   -12    12   -12    12 -11.4  11.7  5.71 -5.83  5.71 -5.83   237  -119  -119 
  306    24   -24   -12    12   -12    12 -11.3  11.6  5.66 -5.78  5.66 -5.78   231  -115  -115 
  306    24   -24   -12    12   -12    12 -11.2  11.5  5.62 -5.73  5.62 -5.73   225  -112  -112 
  307    24   -24   -12    12   -12    12 -11.1  11.4  5.57 -5.68  5.57 -5.68   219  -109  -109 
  307    24   -24   -12    12   -12    12   -11  11.3  5.52 -5.63  5.52 -5.63   213  -106  -106 
  307    24   -24   -12    12   -12    12   -11  11.2  5.48 -5.58  5.48 -5.58   207  -104  -104 
  308    24   -24   -12    12   -12    12 -10.9  11.1  5.43 -5.53  5.43 -5.53   201  -101  -101 
  308    24   -24   -12    12   -12    12 -10.8    11  5.38 -5.48  5.38 -5.48   196 -97.8 -97.8 
  309    24   -24   -12    12   -12    12 -10.7  10.9  5.34 -5.43  5.34 -5.43   190 -94.9 -94.9 
  309    24   -24   -12    12   -12    12 -10.6  10.8  5.29 -5.38  5.29 -5.38   184 -92.1 -92.1 
  310    24   -24   -12    12   -12    12 -10.5  10.7  5.24 -5.33  5.24 -5.33   179 -89.4 -89.4 
  310    24   -24   -12    12   -12    12 -10.4  10.6   5.2 -5.28   5.2 -5.28   173 -86.6 -86.6 
  311    24   -24   -12    12   -12    12 -10.3  10.5  5.15 -5.23  5.15 -5.23   168 -83.9 -83.9 
  311    24   -24   -12    12   -12    12 -10.2  10.4   5.1 -5.19   5.1 -5.19   163 -81.3 -81.3 
  312    24   -24   -12    12   -12    12 -10.1  10.3  5.06 -5.14  5.06 -5.14   157 -78.6 -78.6 
  312    24   -24   -12    12   -12    12   -10  10.2  5.01 -5.09  5.01 -5.09   152   -76   -76 
  312    24   -24   -12    12   -12    12 -9.93  10.1  4.97 -5.04  4.97 -5.04   147 -73.5 -73.5 
  313    24   -24   -12    12   -12    12 -9.84  9.98  4.92 -4.99  4.92 -4.99   142 -70.9 -70.9 
  313    24   -24   -12    12   -12    12 -9.75  9.88  4.87 -4.94  4.87 -4.94   137 -68.4 -68.4 
  314    24   -24   -12    12   -12    12 -9.66  9.79  4.83 -4.89  4.83 -4.89   132   -66   -66 
  314    24   -24   -12    12   -12    12 -9.56  9.69  4.78 -4.85  4.78 -4.85   127 -63.5 -63.5 
  315    24   -24   -12    12   -12    12 -9.47  9.59  4.74  -4.8  4.74  -4.8   122 -61.1 -61.1 
  315    24   -24   -12    12   -12    12 -9.38   9.5  4.69 -4.75  4.69 -4.75   118 -58.8 -58.8 
  316    24   -24   -12    12   -12    12 -9.29   9.4  4.65  -4.7  4.65  -4.7   113 -56.4 -56.4 
  316    24   -24   -12    12   -12    12  -9.2  9.31   4.6 -4.65   4.6 -4.65   108 -54.1 -54.1 
  316    24   -24   -12    12   -12    12 -9.11  9.21  4.55 -4.61  4.55 -4.61   104 -51.8 -51.8 
  317    24   -24   -12    12   -12    12 -9.02  9.12  4.51 -4.56  4.51 -4.56  99.1 -49.6 -49.6 
  317    24   -24   -12    12   -12    12 -8.93  9.02  4.46 -4.51  4.46 -4.51  94.7 -47.4 -47.4 
  318    24   -24   -12    12   -12    12 -8.84  8.93  4.42 -4.46  4.42 -4.46  90.3 -45.2 -45.2 
  318    24   -24   -12    12   -12    12 -8.75  8.83  4.37 -4.42  4.37 -4.42    86   -43   -43 
  319    24   -24   -12    12   -12    12 -8.66  8.74  4.33 -4.37  4.33 -4.37  81.7 -40.9 -40.9 
  319    24   -24   -12    12   -12    12 -8.57  8.65  4.28 -4.32  4.28 -4.32  77.5 -38.8 -38.8 
  320    24   -24   -12    12   -12    12 -8.48  8.55  4.24 -4.28  4.24 -4.28  73.4 -36.7 -36.7 
  320    24   -24   -12    12   -12    12 -8.39  8.46  4.19 -4.23  4.19 -4.23  69.3 -34.7 -34.7 
  321    24   -24   -12    12   -12    12  -8.3  8.36  4.15 -4.18  4.15 -4.18  65.3 -32.7 -32.7 
  321    24   -24   -12    12   -12    12 -8.21  8.27  4.11 -4.14  4.11 -4.14  61.3 -30.7 -30.7 
  321    24   -24   -12    12   -12    12 -8.12  8.18  4.06 -4.09  4.06 -4.09  57.4 -28.7 -28.7 
  322    24   -24   -12    12   -12    12 -8.03  8.09  4.02 -4.04  4.02 -4.04  53.6 -26.8 -26.8 
  322    24   -24   -12    12   -12    12 -7.94  7.99  3.97    -4  3.97    -4  49.8 -24.9 -24.9 
  323    24   -24   -12    12   -12    12 -7.86   7.9  3.93 -3.95  3.93 -3.95  46.1   -23   -23 
  323    24   -24   -12    12   -12    12 -7.77  7.81  3.88  -3.9  3.88  -3.9  42.4 -21.2 -21.2 
  324    24   -24   -12    12   -12    12 -7.68  7.72  3.84 -3.86  3.84 -3.86  38.7 -19.4 -19.4 
  324    24   -24   -12    12   -12    12 -7.59  7.63   3.8 -3.81   3.8 -3.81  35.2 -17.6 -17.6 
  325    24   -24   -12    12   -12    12  -7.5  7.53  3.75 -3.77  3.75 -3.77  31.7 -15.8 -15.8 
  325    24   -24   -12    12   -12    12 -7.42  7.44  3.71 -3.72  3.71 -3.72  28.2 -14.1 -14.1 
  325    24   -24   -12    12   -12    12 -7.33  7.35  3.66 -3.68  3.66 -3.68  24.8 -12.4 -12.4 
  326    24   -24   -12    12   -12    12 -7.24  7.26  3.62 -3.63  3.62 -3.63  21.4 -10.7 -10.7 
  326    24   -24   -12    12   -12    12 -7.15  7.17  3.58 -3.59  3.58 -3.59  18.1 -9.06 -9.06 
  327    24   -24   -12    12   -12    12 -7.07  7.08  3.53 -3.54  3.53 -3.54  14.9 -7.44 -7.44 
  327    24   -24   -12    12   -12    12 -6.98  6.99  3.49  -3.5  3.49  -3.5  11.7 -5.84 -5.84 
  328    24   -24   -12    12   -12    12 -6.89   6.9  3.45 -3.45  3.45 -3.45  8.53 -4.27 -4.27 
  328    24   -24   -12    12   -12    12 -6.81  6.81   3.4 -3.41   3.4 -3.41  5.44 -2.72 -2.72 
  329    24   -24   -12    12   -12    12 -6.72  6.72  3.36 -3.36  3.36 -3.36   2.4  -1.2  -1.2 
  329    24   -24   -12    12   -12    12 -6.63  6.63  3.32 -3.32  3.32 -3.32 -0.591 0.295 0.295 
  330    24   -24   -12    12   -12    12 -6.55  6.54  3.27 -3.27  3.27 -3.27 -3.53  1.76  1.76 
  330    24   -24   -12    12   -12    12 -6.46  6.45  3.23 -3.23  3.23 -3.23 -6.42  3.21  3.21 
  330    24   -24   -12    12   -12    12 -6.37  6.36  3.19 -3.18  3.19 -3.18 -9.26  4.63  4.63 
  331    24   -24   -12    12   -12    12 -6.29  6.28  3.14 -3.14  3.14 -3.14   -12  6.02  6.02 
  331    24   -24   -12    12   -12    12  -6.2  6.19   3.1 -3.09   3.1 -3.09 -14.8  7.39  7.39 
  332    24   -24   -12    12   -12    12 -6.12   6.1  3.06 -3.05  3.06 -3.05 -17.5  8.74  8.74 
  332    24   -24   -12    12   -12    12 -6.03  6.01  3.02 -3.01  3.02 -3.01 -20.1  10.1  10.1 
  333    24   -24   -12    12   -12    12 -5.95  5.92  2.97 -2.96  2.97 -2.96 -22.7  11.4  11.4 
  333    24   -24   -12    12   -12    12 -5.86  5.84  2.93 -2.92  2.93 -2.92 -25.3  12.6  12.6 
  334    24   -24   -12    12   -12    12 -5.78  5.75  2.89 -2.87  2.89 -2.87 -27.8  13.9  13.9 
  334    24   -24   -12    12   -12    12 -5.69  5.66  2.85 -2.83  2.85 -2.83 -30.2  15.1  15.1 
  334    24   -24   -12    12   -12    12 -5.61  5.57   2.8 -2.79   2.8 -2.79 -32.6  16.3  16.3 
  335    24   -24   -12    12   -12    12 -5.52  5.49  2.76 -2.74  2.76 -2.74   -35  17.5  17.5 
  335    24   -24   -12    12   -12    12 -5.44   5.4  2.72  -2.7  2.72  -2.7 -37.3  18.6  18.6 
  336    24   -24   -12    12   -12    12 -5.35  5.32  2.68 -2.66  2.68 -2.66 -39.5  19.8  19.8 
  336    24   -24   -12    12   -12    12 -5.27  5.23  2.64 -2.61  2.64 -2.61 -41.8  20.9  20.9 
  337    24   -24   -12    12   -12    12 -5.19  5.14  2.59 -2.57  2.59 -2.57 -43.9    22    22 
  337    24   -24   -12    12   -12    12  -5.1  5.06  2.55 -2.53  2.55 -2.53 -46.1    23    23 
  338    24   -24   -12    12   -12    12 -5.02  4.97  2.51 -2.49  2.51 -2.49 -48.2  24.1  24.1 
  338    24   -24   -12    12   -12    12 -4.94  4.89  2.47 -2.44  2.47 -2.44 -50.2  25.1  25.1 
  339    24   -24   -12    12   -12    12 -4.85   4.8  2.43  -2.4  2.43  -2.4 -52.2  26.1  26.1 
  339    24   -24   -12    12   -12    12 -4.77  4.72  2.39 -2.36  2.39 -2.36 -54.1  27.1  27.1 
  339    24   -24   -12    12   -12    12 -4.69  4.63  2.34 -2.32  2.34 -2.32   -56    28    28 
  340    24   -24   -12    12   -12    12  -4.6  4.55   2.3 -2.27   2.3 -2.27 -57.9    29    29 
  340    24   -24   -12    12   -12    12 -4.52  4.46  2.26 -2.23  2.26 -2.23 -59.7  29.9  29.9 
  341    24   -24   -12    12   -12    12 -4.44  4.38  2.22 -2.19  2.22 -2.19 -61.5  30.8  30.8 
  341    24   -24   -12    12   -12    12 -4.36  4.29  2.18 -2.15  2.18 -2.15 -63.2  31.6  31.6 
  342    24   -24   -12    12   -12    12 -4.27  4.21  2.14  -2.1  2.14  -2.1 -64.9  32.5  32.5 
  342    24   -24   -12    12   -12    12 -4.19  4.13   2.1 -2.06   2.1 -2.06 -66.6  33.3  33.3 
  343    24   -24   -12    12   -12    12 -4.11  4.04  2.06 -2.02  2.06 -2.02 -68.2  34.1  34.1 
  343    24   -24   -12    12   -12    12 -4.03  3.96  2.01 -1.98  2.01 -1.98 -69.8  34.9  34.9 
  343    24   -24   -12    12   -12    12 -3.95  3.88  1.97 -1.94  1.97 -1.94 -71.3  35.7  35.7 
  344    24   -24   -12    12   -12    12 -3.87  3.79  1.93  -1.9  1.93  -1.9 -72.8  36.4  36.4 
  344    24   -24   -12    12   -12    12 -3.78  3.71  1.89 -1.86  1.89 -1.86 -74.2  37.1  37.1 
  345    24   -24   -12    12   -12    12  -3.7  3.63  1.85 -1.81  1.85 -1.81 -75.7  37.8  37.8 
  345    24   -24   -12    12   -12    12 -3.62  3.55  1.81 -1.77  1.81 -1.77   -77  38.5  38.5 
  346    24   -24   -12    12   -12    12 -3.54  3.46  1.77 -1.73  1.77 -1.73 -78.4  39.2  39.2 
  346    24   -24   -12    12   -12    12 -3.46  3.38  1.73 -1.69  1.73 -1.69 -79.7  39.8  39.8 
  347    24   -24   -12    12   -12    12 -3.38   3.3  1.69 -1.65  1.69 -1.65 -80.9  40.5  40.5 
  347    24   -24   -12    12   -12    12  -3.3  3.22  1.65 -1.61  1.65 -1.61 -82.1  41.1  41.1 
  348    24   -24   -12    12   -12    12 -3.22  3.14  1.61 -1.57  1.61 -1.57 -83.3  41.6  41.6 
  348    24   -24   -12    12   -12    12 -3.14  3.05  1.57 -1.53  1.57 -1.53 -84.4  42.2  42.2 
  348    24   -24   -12    12   -12    12 -3.06  2.97  1.53 -1.49  1.53 -1.49 -85.5  42.8  42.8 
  349    24   -24   -12    12   -12    12 -2.98  2.89  1.49 -1.45  1.49 -1.45 -86.6  43.3  43.3 
  349    24   -24   -12    12   -12    12  -2.9  2.81  1.45 -1.41  1.45 -1.41 -87.6  43.8  43.8 
  350    24   -24   -12    12   -12    12 -2.82  2.73  1.41 -1.37  1.41 -1.37 -88.6  44.3  44.3 
  350    24   -24   -12    12   -12    12 -2.74  2.65  1.37 -1.33  1.37 -1.33 -89.6  44.8  44.8 
  351    24   -24   -12    12   -12    12 -2.66  2.57  1.33 -1.29  1.33 -1.29 -90.5  45.2  45.2 
  351    24   -24   -12    12   -12    12 -2.58  2.49  1.29 -1.25  1.29 -1.25 -91.4  45.7  45.7 
  352    24   -24   -12    12   -12    12  -2.5  2.41  1.25 -1.21  1.25 -1.21 -92.2  46.1  46.1 
  352    24   -24   -12    12   -12    12 -2.42  2.33  1.21 -1.17  1.21 -1.17   -93  46.5  46.5 
  352    24   -24   -12    12   -12    12 -2.34  2.25  1.17 -1.13  1.17 -1.13 -93.8  46.9  46.9 
  353    24   -24   -12    12   -12    12 -2.27  2.17  1.13 -1.09  1.13 -1.09 -94.5  47.3  47.3 
  353    24   -24   -12    12   -12    12 -2.19  2.09  1.09 -1.05  1.09 -1.05 -95.2  47.6  47.6 
  354    24   -24   -12    12   -12    12 -2.11  2.01  1.05 -1.01  1.05 -1.01 -95.9    48    48 
  354    24   -24   -12    12   -12    12 -2.03  1.93  1.02 -0.967  1.02 -0.967 -96.5  48.3  48.3 
  355    24   -24   -12    12   -12    12 -1.95  1.86 0.977 -0.928 0.977 -0.928 -97.2  48.6  48.6 
  355    24   -24   -12    12   -12    12 -1.88  1.78 0.938 -0.889 0.938 -0.889 -97.7  48.9  48.9 
  356    24   -24   -12    12   -12    12  -1.8   1.7 0.899 -0.85 0.899 -0.85 -98.3  49.1  49.1 
  356    24   -24   -12    12   -12    12 -1.72  1.62  0.86 -0.81  0.86 -0.81 -98.8  49.4  49.4 
  357    24   -24   -12    12   -12    12 -1.64  1.54 0.821 -0.771 0.821 -0.771 -99.2  49.6  49.6 
  357    24   -24   -12    12   -12    12 -1.56  1.47 0.782 -0.733 0.782 -0.733 -99.7  49.8  49.8 
  357    24   -24   -12    12   -12    12 -1.49  1.39 0.744 -0.694 0.744 -0.694  -100    50    50 
  358    24   -24   -12    12   -12    12 -1.41  1.31 0.705 -0.655 0.705 -0.655  -100  50.2  50.2 
  358    24   -24   -12    12   -12    12 -1.33  1.23 0.667 -0.616 0.667 -0.616  -101  50.4  50.4 
  359    24   -24   -12    12   -12    12 -1.26  1.16 0.628 -0.578 0.628 -0.578  -101  50.5  50.5 
  359    24   -24   -12    12   -12    12 -1.18  1.08  0.59 -0.539  0.59 -0.539  -101  50.7  50.7 
  360    24   -24   -12    12   -12    12  -1.1     1 0.552 -0.501 0.552 -0.501  -102  50.8  50.8 
  360    24   -24   -12    12   -12    12 -1.03 0.925 0.514 -0.463 0.514 -0.463  -102  50.9  50.9 
  361    24   -24   -12    12   -12    12 -0.951 0.849 0.475 -0.424 0.475 -0.424  -102    51    51 
  361    24   -24   -12    12   -12    12 -0.875 0.773 0.437 -0.386 0.437 -0.386  -102  51.1  51.1 
  361    24   -24   -12    12   -12    12 -0.799 0.696 0.399 -0.348 0.399 -0.348  -102  51.2  51.2 
  362    24   -24   -12    12   -12    12 -0.723 0.621 0.361 -0.31 0.361 -0.31  -102  51.2  51.2 
  362    24   -24   -12    12   -12    12 -0.647 0.545 0.324 -0.272 0.324 -0.272  -102  51.2  51.2 
  363    24   -24   -12    12   -12    12 -0.572 0.469 0.286 -0.235 0.286 -0.235  -102  51.2  51.2 
  363    24   -24   -12    12   -12    12 -0.496 0.394 0.248 -0.197 0.248 -0.197  -103  51.3  51.3 
  364    24   -24   -12    12   -12    12 -0.421 0.318  0.21 -0.159  0.21 -0.159  -102  51.2  51.2 
  364    24   -24   -12    12   -12    12 -0.346 0.243 0.173 -0.122 0.173 -0.122  -102  51.2  51.2 
  365    24   -24   -12    12   -12    12 -0.271 0.168 0.135 -0.0842 0.135 -0.0842  -102  51.2  51.2 
  365    24   -24   -12    12   -12    12 -0.196 0.0936 0.0979 -0.0468 0.0979 -0.0468  -102  51.1  51.1 
  366    24   -24   -12    12   -12    12 -0.121 0.019 0.0605 -0.00948 0.0605 -0.00948  -102  51.1  51.1 
  366    24   -24   -12    12   -12    12 -0.0465 -0.0555 0.0232 0.0277 0.0232 0.0277  -102    51    51 
  366    24   -24   -12    12   -12    12 0.028 -0.13 -0.014 0.0649 -0.014 0.0649  -102  50.9  50.9 
  367    24   -24   -12    12   -12    12 0.102 -0.204 -0.0512 0.102 -0.0512 0.102  -102  50.8  50.8 
  367    24   -24   -12    12   -12    12 0.177 -0.278 -0.0883 0.139 -0.0883 0.139  -101  50.6  50.6 
  368    24   -24   -12    12   -12    12 0.251 -0.352 -0.125 0.176 -0.125 0.176  -101  50.5  50.5 
  368    24   -24   -12    12   -12    12 0.325 -0.425 -0.162 0.213 -0.162 0.213  -101  50.4  50.4 
  369    24   -24   -12    12   -12    12 0.398 -0.499 -0.199 0.249 -0.199 0.249  -100  50.2  50.2 
  369    24   -24   -12    12   -12    12 0.472 -0.572 -0.236 0.286 -0.236 0.286  -100    50    50 
  370    24   -24   -12    12   -12    12 0.546 -0.645 -0.273 0.323 -0.273 0.323 -99.7  49.8  49.8 
  370    24   -24   -12    12   -12    12 0.619 -0.718 -0.31 0.359 -0.31 0.359 -99.2  49.6  49.6 
  370    24   -24   -12    12   -12    12 0.692 -0.791 -0.346 0.396 -0.346 0.396 -98.8  49.4  49.4 
  371    24   -24   -12    12   -12    12 0.765 -0.864 -0.383 0.432 -0.383 0.432 -98.4  49.2  49.2 
  371    24   -24   -12    12   -12    12 0.839 -0.936 -0.419 0.468 -0.419 0.468 -97.9  48.9  48.9 
  372    24   -24   -12    12   -12    12 0.911 -1.01 -0.456 0.504 -0.456 0.504 -97.4  48.7  48.7 
  372    24   -24   -12    12   -12    12 0.984 -1.08 -0.492  0.54 -0.492  0.54 -96.8  48.4  48.4 
  373    24   -24   -12    12   -12    12  1.06 -1.15 -0.528 0.577 -0.528 0.577 -96.3  48.1  48.1 
  373    24   -24   -12    12   -12    12  1.13 -1.22 -0.565 0.612 -0.565 0.612 -95.7  47.9  47.9 
  374    24   -24   -12    12   -12    12   1.2  -1.3 -0.601 0.648 -0.601 0.648 -95.1  47.6  47.6 
  374    24   -24   -12    12   -12    12  1.27 -1.37 -0.637 0.684 -0.637 0.684 -94.5  47.2  47.2 
  375    24   -24   -12    12   -12    12  1.35 -1.44 -0.673  0.72 -0.673  0.72 -93.8  46.9  46.9 
  375    24   -24   -12    12   -12    12  1.42 -1.51 -0.709 0.755 -0.709 0.755 -93.1  46.6  46.6 
  375     0     0     0     0     0     0  1.45 -1.55 -0.726 0.773 -0.726 0.773 -92.7  46.4  46.4 
  376     0     0     0     0     0     0  1.45 -1.54 -0.725 0.771 -0.725 0.771 -92.6  46.3  46.3 
  376     0     0     0     0     0     0  1.45 -1.54 -0.723 0.769 -0.723 0.769 -92.4  46.2  46.2 
  377     0     0     0     0     0     0  1.44 -1.54 -0.722 0.768 -0.722 0.768 -92.2  46.1  46.1 
  377     0     0     0     0     0     0  1.44 -1.53 -0.72 0.766 -0.72 0.766 -92.1    46    46 
  378     0     0     0     0     0     0  1.44 -1.53 -0.719 0.765 -0.719 0.765 -91.9    46    46 
  378     0     0     0     0     0     0  1.43 -1.53 -0.717 0.763 -0.717 0.763 -91.8  45.9  45.9 
  379     0     0     0     0     0     0  1.43 -1.52 -0.716 0.762 -0.716 0.762 -91.6  45.8  45.8 
  379     0     0     0     0     0     0  1.43 -1.52 -0.715  0.76 -0.715  0.76 -91.4  45.7  45.7 
  379     0     0     0     0     0     0  1.43 -1.52 -0.713 0.759 -0.713 0.759 -91.3  45.6  45.6 
  380     0     0     0     0     0     0  1.42 -1.51 -0.712 0.757 -0.712 0.757 -91.1  45.6  45.6 
  380     0     0     0     0     0     0  1.42 -1.51 -0.71 0.756 -0.71 0.756 -90.9  45.5  45.5 
  381     0     0     0     0     0     0  1.42 -1.51 -0.709 0.754 -0.709 0.754 -90.8  45.4  45.4 
  381     0     0     0     0     0     0  1.41 -1.51 -0.707 0.753 -0.707 0.753 -90.6  45.3  45.3 
  382     0     0     0     0     0     0  1.41  -1.5 -0.706 0.751 -0.706 0.751 -90.5  45.2  45.2 
  382     0     0     0     0     0     0  1.41  -1.5 -0.705  0.75 -0.705  0.75 -90.3  45.2  45.2 
  383     0     0     0     0     0     0  1.41  -1.5 -0.703 0.748 -0.703 0.748 -90.1  45.1  45.1 
  383     0     0     0     0     0     0   1.4 -1.49 -0.702 0.747 -0.702 0.747   -90    45    45 
  384     0     0     0     0     0     0   1.4 -1.49  -0.7 0.745  -0.7 0.745 -89.8  44.9  44.9 
  384     0     0     0     0     0     0   1.4 -1.49 -0.699 0.744 -0.699 0.744 -89.7  44.8  44.8 
  384     0     0     0     0     0     0   1.4 -1.48 -0.698 0.742 -0.698 0.742 -89.5  44.8  44.8 
  385     0     0     0     0     0     0  1.39 -1.48 -0.696 0.741 -0.696 0.741 -89.4  44.7  44.7 
  385     0     0     0     0     0     0  1.39 -1.48 -0.695 0.739 -0.695 0.739 -89.2  44.6  44.6 
  386     0     0     0     0     0     0  1.39 -1.48 -0.693 0.738 -0.693 0.738   -89  44.5  44.5 
  386     0     0     0     0     0     0  1.38 -1.47 -0.692 0.736 -0.692 0.736 -88.9  44.4  44.4 
  387     0     0     0     0     0     0  1.38 -1.47 -0.691 0.735 -0.691 0.735 -88.7  44.4  44.4 
  387     0     0     0     0     0     0  1.38 -1.47 -0.689 0.733 -0.689 0.733 -88.6  44.3  44.3 
  388     0     0     0     0     0     0  1.38 -1.46 -0.688 0.732 -0.688 0.732 -88.4  44.2  44.2 
  388     0     0     0     0     0     0  1.37 -1.46 -0.686 0.731 -0.686 0.731 -88.3  44.1  44.1 
  388     0     0     0     0     0     0  1.37 -1.46 -0.685 0.729 -0.685 0.729 -88.1    44    44 
  389     0     0     0     0     0     0  1.37 -1.46 -0.684 0.728 -0.684 0.728 -87.9    44    44 
  389     0     0     0     0     0     0  1.36 -1.45 -0.682 0.726 -0.682 0.726 -87.8  43.9  43.9 
  390     0     0     0     0     0     0  1.36 -1.45 -0.681 0.725 -0.681 0.725 -87.6  43.8  43.8 
  390     0     0     0     0     0     0  1.36 -1.45 -0.68 0.723 -0.68 0.723 -87.5  43.7  43.7 
  391     0     0     0     0     0     0  1.36 -1.44 -0.678 0.722 -0.678 0.722 -87.3  43.7  43.7 
  391     0     0     0     0     0     0  1.35 -1.44 -0.677  0.72 -0.677  0.72 -87.2  43.6  43.6 
  392     0     0     0     0     0     0  1.35 -1.44 -0.675 0.719 -0.675 0.719   -87  43.5  43.5 
  392     0     0     0     0     0     0  1.35 -1.44 -0.674 0.718 -0.674 0.718 -86.9  43.4  43.4 
  393     0     0     0     0     0     0  1.35 -1.43 -0.673 0.716 -0.673 0.716 -86.7  43.4  43.4 
  393     0     0     0     0     0     0  1.34 -1.43 -0.671 0.715 -0.671 0.715 -86.5  43.3  43.3 
  393     0     0     0     0     0     0  1.34 -1.43 -0.67 0.713 -0.67 0.713 -86.4  43.2  43.2 
  394     0     0     0     0     0     0  1.34 -1.42 -0.669 0.712 -0.669 0.712 -86.2  43.1  43.1 
  394     0     0     0     0     0     0  1.33 -1.42 -0.667  0.71 -0.667  0.71 -86.1    43    43 
  395     0     0     0     0     0     0  1.33 -1.42 -0.666 0.709 -0.666 0.709 -85.9    43    43 
  395     0     0     0     0     0     0  1.33 -1.42 -0.665 0.708 -0.665 0.708 -85.8  42.9  42.9 
  396     0     0     0     0     0     0  1.33 -1.41 -0.663 0.706 -0.663 0.706 -85.6  42.8  42.8 
  396     0     0     0     0     0     0  1.32 -1.41 -0.662 0.705 -0.662 0.705 -85.5  42.7  42.7 
  397     0     0     0     0     0     0  1.32 -1.41 -0.661 0.703 -0.661 0.703 -85.3  42.7  42.7 
  397     0     0     0     0     0     0  1.32  -1.4 -0.659 0.702 -0.659 0.702 -85.2  42.6  42.6 
  397     0     0     0     0     0     0  1.32  -1.4 -0.658 0.701 -0.658 0.701   -85  42.5  42.5 
  398     0     0     0     0     0     0  1.31  -1.4 -0.657 0.699 -0.657 0.699 -84.9  42.4  42.4 
  398     0     0     0     0     0     0  1.31  -1.4 -0.655 0.698 -0.655 0.698 -84.7  42.4  42.4 
  399     0     0     0     0     0     0  1.31 -1.39 -0.654 0.696 -0.654 0.696 -84.6  42.3  42.3 
  399     0     0     0     0     0     0  1.31 -1.39 -0.653 0.695 -0.653 0.695 -84.4  42.2  42.2 
  400     0     0     0     0     0     0   1.3 -1.39 -0.652 0.694 -0.652 0.694 -84.3  42.1  42.1 
  400     0     0     0     0     0     0   1.3 -1.38 -0.65 0.692 -0.65 0.692 -84.1  42.1  42.1 
  401     0     0     0     0     0     0   1.3 -1.38 -0.649 0.691 -0.649 0.691   -84    42    42 
  401     0     0     0     0     0     0   1.3 -1.38 -0.648  0.69 -0.648  0.69 -83.8  41.9  41.9 
  402     0     0     0     0     0     0  1.29 -1.38 -0.646 0.688 -0.646 0.688 -83.7  41.8  41.8 
  402     0     0     0     0     0     0  1.29 -1.37 -0.645 0.687 -0.645 0.687 -83.5  41.8  41.8 
  402     0     0     0     0     0     0  1.29 -1.37 -0.644 0.685 -0.644 0.685 -83.4  41.7  41.7 
  403     0     0     0     0     0     0  1.28 -1.37 -0.642 0.684 -0.642 0.684 -83.2  41.6  41.6 
  403     0     0     0     0     0     0  1.28 -1.37 -0.641 0.683 -0.641 0.683 -83.1  41.5  41.5 
  404     0     0     0     0     0     0  1.28 -1.36 -0.64 0.681 -0.64 0.681 -82.9  41.5  41.5 
  404     0     0     0     0     0     0  1.28 -1.36 -0.639  0.68 -0.639  0.68 -82.8  41.4  41.4 
  405     0     0     0     0     0     0  1.27 -1.36 -0.637 0.679 -0.637 0.679 -82.6  41.3  41.3 
  405     0     0     0     0     0     0  1.27 -1.35 -0.636 0.677 -0.636 0.677 -82.5  41.2  41.2 
  406     0     0     0     0     0     0  1.27 -1.35 -0.635 0.676 -0.635 0.676 -82.3  41.2  41.2 
  406     0     0     0     0     0     0  1.27 -1.35 -0.633 0.675 -0.633 0.675 -82.2  41.1  41.1 
  406     0     0     0     0     0     0  1.26 -1.35 -0.632 0.673 -0.632 0.673   -82    41    41 
  407     0     0     0     0     0     0  1.26 -1.34 -0.631 0.672 -0.631 0.672 -81.9  40.9  40.9 
  407     0     0     0     0     0     0  1.26 -1.34 -0.63 0.671 -0.63 0.671 -81.7  40.9  40.9 
  408     0     0     0     0     0     0  1.26 -1.34 -0.628 0.669 -0.628 0.669 -81.6  40.8  40.8 
  408     0     0     0     0     0     0  1.25 -1.34 -0.627 0.668 -0.627 0.668 -81.5  40.7  40.7 
  409     0     0     0     0     0     0  1.25 -1.33 -0.626 0.667 -0.626 0.667 -81.3  40.7  40.7 
  409     0     0     0     0     0     0  1.25 -1.33 -0.625 0.665 -0.625 0.665 -81.2  40.6  40.6 
  410     0     0     0     0     0     0  1.25 -1.33 -0.623 0.664 -0.623 0.664   -81  40.5  40.5 
  410     0     0     0     0     0     0  1.24 -1.33 -0.622 0.663 -0.622 0.663 -80.9  40.4  40.4 
  411     0     0     0     0     0     0  1.24 -1.32 -0.621 0.661 -0.621 0.661 -80.7  40.4  40.4 
  411     0     0     0     0     0     0  1.24 -1.32 -0.62  0.66 -0.62  0.66 -80.6  40.3  40.3 
  411     0     0     0     0     0     0  1.24 -1.32 -0.618 0.659 -0.618 0.659 -80.4  40.2  40.2 
  412     0     0     0     0     0     0  1.23 -1.31 -0.617 0.657 -0.617 0.657 -80.3  40.1  40.1 
  412     0     0     0     0     0     0  1.23 -1.31 -0.616 0.656 -0.616 0.656 -80.1  40.1  40.1 
  413     0     0     0     0     0     0  1.23 -1.31 -0.615 0.655 -0.615 0.655   -80    40    40 
  413     0     0     0     0     0     0  1.23 -1.31 -0.613 0.653 -0.613 0.653 -79.9  39.9  39.9 
  414     0     0     0     0     0     0  1.22  -1.3 -0.612 0.652 -0.612 0.652 -79.7  39.9  39.9 
  414     0     0     0     0     0     0  1.22  -1.3 -0.611 0.651 -0.611 0.651 -79.6  39.8  39.8 
  415     0     0     0     0     0     0  1.22  -1.3 -0.61 0.649 -0.61 0.649 -79.4  39.7  39.7 
  415     0     0     0     0     0     0  1.22  -1.3 -0.609 0.648 -0.609 0.648 -79.3  39.6  39.6 
  415     0     0     0     0     0     0  1.21 -1.29 -0.607 0.647 -0.607 0.647 -79.1  39.6  39.6 
  416     0     0     0     0     0     0  1.21 -1.29 -0.606 0.646 -0.606 0.646   -79  39.5  39.5 
  416     0     0     0     0     0     0  1.21 -1.29 -0.605 0.644 -0.605 0.644 -78.9  39.4  39.4 
  417     0     0     0     0     0     0  1.21 -1.29 -0.604 0.643 -0.604 0.643 -78.7  39.4  39.4 
  417     0     0     0     0     0     0   1.2 -1.28 -0.602 0.642 -0.602 0.642 -78.6  39.3  39.3 
  418     0     0     0     0     0     0   1.2 -1.28 -0.601  0.64 -0.601  0.64 -78.4  39.2  39.2 
  418     0     0     0     0     0     0   1.2 -1.28  -0.6 0.639  -0.6 0.639 -78.3  39.1  39.1 
  419     0     0     0     0     0     0   1.2 -1.28 -0.599 0.638 -0.599 0.638 -78.1  39.1  39.1 
  419     0     0     0     0     0     0   1.2 -1.27 -0.598 0.637 -0.598 0.637   -78    39    39 
  420     0     0     0     0     0     0  1.19 -1.27 -0.596 0.635 -0.596 0.635 -77.9  38.9  38.9 
  420     0     0     0     0     0     0  1.19 -1.27 -0.595 0.634 -0.595 0.634 -77.7  38.9  38.9 
  420     0     0     0     0     0     0  1.19 -1.27 -0.594 0.633 -0.594 0.633 -77.6  38.8  38.8 
  421     0     0     0     0     0     0  1.19 -1.26 -0.593 0.632 -0.593 0.632 -77.4  38.7  38.7 
  421     0     0     0     0     0     0  1.18 -1.26 -0.592  0.63 -0.592  0.63 -77.3  38.7  38.7 
  422     0     0     0     0     0     0  1.18 -1.26 -0.59 0.629 -0.59 0.629 -77.2  38.6  38.6 
  422     0     0     0     0     0     0  1.18 -1.26 -0.589 0.628 -0.589 0.628   -77  38.5  38.5 
  423     0     0     0     0     0     0  1.18 -1.25 -0.588 0.627 -0.588 0.627 -76.9  38.4  38.4 
  423     0     0     0     0     0     0  1.17 -1.25 -0.587 0.625 -0.587 0.625 -76.7  38.4  38.4 
  424     0     0     0     0     0     0  1.17 -1.25 -0.586 0.624 -0.586 0.624 -76.6  38.3  38.3 
  424     0     0     0     0     0     0  1.17 -1.25 -0.585 0.623 -0.585 0.623 -76.5  38.2  38.2 
  424     0     0     0     0     0     0  1.17 -1.24 -0.583 0.622 -0.583 0.622 -76.3  38.2  38.2 
  425     0     0     0     0     0     0  1.16 -1.24 -0.582  0.62 -0.582  0.62 -76.2  38.1  38.1 
  425     0     0     0     0     0     0  1.16 -1.24 -0.581 0.619 -0.581 0.619 -76.1    38    38 
  426     0     0     0     0     0     0  1.16 -1.24 -0.58 0.618 -0.58 0.618 -75.9    38    38 
  426     0     0     0     0     0     0  1.16 -1.23 -0.579 0.617 -0.579 0.617 -75.8  37.9  37.9 
  427     0     0     0     0     0     0  1.16 -1.23 -0.578 0.615 -0.578 0.615 -75.6  37.8  37.8 
  427     0     0     0     0     0     0  1.15 -1.23 -0.576 0.614 -0.576 0.614 -75.5  37.8  37.8 
  428     0     0     0     0     0     0  1.15 -1.23 -0.575 0.613 -0.575 0.613 -75.4  37.7  37.7 
  428     0     0     0     0     0     0  1.15 -1.22 -0.574 0.612 -0.574 0.612 -75.2  37.6  37.6 
  429     0     0     0     0     0     0  1.15 -1.22 -0.573  0.61 -0.573  0.61 -75.1  37.5  37.5 
  429     0     0     0     0     0     0  1.14 -1.22 -0.572 0.609 -0.572 0.609   -75  37.5  37.5 
  429     0     0     0     0     0     0  1.14 -1.22 -0.571 0.608 -0.571 0.608 -74.8  37.4  37.4 
  430     0     0     0     0     0     0  1.14 -1.21 -0.57 0.607 -0.57 0.607 -74.7  37.3  37.3 
  430     0     0     0     0     0     0  1.14 -1.21 -0.568 0.606 -0.568 0.606 -74.6  37.3  37.3 
  431     0     0     0     0     0     0  1.13 -1.21 -0.567 0.604 -0.567 0.604 -74.4  37.2  37.2 
  431     0     0     0     0     0     0  1.13 -1.21 -0.566 0.603 -0.566 0.603 -74.3  37.1  37.1 
  432     0     0     0     0     0     0  1.13  -1.2 -0.565 0.602 -0.565 0.602 -74.2  37.1  37.1 
  432     0     0     0     0     0     0  1.13  -1.2 -0.564 0.601 -0.564 0.601   -74    37    37 
  433     0     0     0     0     0     0  1.13  -1.2 -0.563   0.6 -0.563   0.6 -73.9  36.9  36.9 
  433     0     0     0     0     0     0  1.12  -1.2 -0.562 0.598 -0.562 0.598 -73.7  36.9  36.9 
  433     0     0     0     0     0     0  1.12 -1.19 -0.56 0.597 -0.56 0.597 -73.6  36.8  36.8 
  434     0     0     0     0     0     0  1.12 -1.19 -0.559 0.596 -0.559 0.596 -73.5  36.7  36.7 
  434     0     0     0     0     0     0  1.12 -1.19 -0.558 0.595 -0.558 0.595 -73.3  36.7  36.7 
  435     0     0     0     0     0     0  1.11 -1.19 -0.557 0.594 -0.557 0.594 -73.2  36.6  36.6 
  435     0     0     0     0     0     0  1.11 -1.18 -0.556 0.592 -0.556 0.592 -73.1  36.5  36.5 
  436     0     0     0     0     0     0  1.11 -1.18 -0.555 0.591 -0.555 0.591 -72.9  36.5  36.5 
  436     0     0     0     0     0     0  1.11 -1.18 -0.554  0.59 -0.554  0.59 -72.8  36.4  36.4 
  437     0     0     0     0     0     0  1.11 -1.18 -0.553 0.589 -0.553 0.589 -72.7  36.3  36.3 
  437     0     0     0     0     0     0   1.1 -1.18 -0.552 0.588 -0.552 0.588 -72.6  36.3  36.3 
  438     0     0     0     0     0     0   1.1 -1.17 -0.55 0.587 -0.55 0.587 -72.4  36.2  36.2 
  438     0     0     0     0     0     0   1.1 -1.17 -0.549 0.585 -0.549 0.585 -72.3  36.1  36.1 
  438     0     0     0     0     0     0   1.1 -1.17 -0.548 0.584 -0.548 0.584 -72.2  36.1  36.1 
  439     0     0     0     0     0     0  1.09 -1.17 -0.547 0.583 -0.547 0.583   -72    36    36 
  439     0     0     0     0     0     0  1.09 -1.16 -0.546 0.582 -0.546 0.582 -71.9  35.9  35.9 
  440     0     0     0     0     0     0  1.09 -1.16 -0.545 0.581 -0.545 0.581 -71.8  35.9  35.9 
  440     0     0     0     0     0     0  1.09 -1.16 -0.544  0.58 -0.544  0.58 -71.6  35.8  35.8 
  441     0     0     0     0     0     0  1.09 -1.16 -0.543 0.578 -0.543 0.578 -71.5  35.8  35.8 
  441     0     0     0     0     0     0  1.08 -1.15 -0.542 0.577 -0.542 0.577 -71.4  35.7  35.7 
  442     0     0     0     0     0     0  1.08 -1.15 -0.541 0.576 -0.541 0.576 -71.2  35.6  35.6 
  442     0     0     0     0     0     0  1.08 -1.15 -0.539 0.575 -0.539 0.575 -71.1  35.6  35.6 
  442     0     0     0     0     0     0  1.08 -1.15 -0.538 0.574 -0.538 0.574   -71  35.5  35.5 
  443     0     0     0     0     0     0  1.07 -1.15 -0.537 0.573 -0.537 0.573 -70.9  35.4  35.4 
  443     0     0     0     0     0     0  1.07 -1.14 -0.536 0.572 -0.536 0.572 -70.7  35.4  35.4 
  444     0     0     0     0     0     0  1.07 -1.14 -0.535  0.57 -0.535  0.57 -70.6  35.3  35.3 
  444     0     0     0     0     0     0  1.07 -1.14 -0.534 0.569 -0.534 0.569 -70.5  35.2  35.2 
  445     0     0     0     0     0     0  1.07 -1.14 -0.533 0.568 -0.533 0.568 -70.3  35.2  35.2 
  445     0     0     0     0     0     0  1.06 -1.13 -0.532 0.567 -0.532 0.567 -70.2  35.1  35.1 
  446     0     0     0     0     0     0  1.06 -1.13 -0.531 0.566 -0.531 0.566 -70.1    35    35 
  446     0     0     0     0     0     0  1.06 -1.13 -0.53 0.565 -0.53 0.565   -70    35    35 
  447     0     0     0     0     0     0  1.06 -1.13 -0.529 0.564 -0.529 0.564 -69.8  34.9  34.9 
  447     0     0     0     0     0     0  1.06 -1.13 -0.528 0.563 -0.528 0.563 -69.7  34.8  34.8 
  447     0     0     0     0     0     0  1.05 -1.12 -0.527 0.561 -0.527 0.561 -69.6  34.8  34.8 
  448     0     0     0     0     0     0  1.05 -1.12 -0.526  0.56 -0.526  0.56 -69.4  34.7  34.7 
  448     0     0     0     0     0     0  1.05 -1.12 -0.525 0.559 -0.525 0.559 -69.3  34.7  34.7 
  449     0     0     0     0     0     0  1.05 -1.12 -0.523 0.558 -0.523 0.558 -69.2  34.6  34.6 
  449     0     0     0     0     0     0  1.04 -1.11 -0.522 0.557 -0.522 0.557 -69.1  34.5  34.5 
  450     0     0     0     0     0     0  1.04 -1.11 -0.521 0.556 -0.521 0.556 -68.9  34.5  34.5 
  450     0     0     0     0     0     0  1.04 -1.11 -0.521 0.555 -0.521 0.555 -68.8  34.4  34.4 
